15000.000  0.967388
15002.000  0.857691
15004.000  0.889325
15006.000  0.924632
15008.000  0.930914
15010.000  0.92457
15012.000  0.889313
15014.000  0.963773
15016.000  0.956706
15018.000  0.947691
15020.000  0.871089
15022.000  0.827673
15024.000  0.755491
15026.000  0.79031
15028.000  0.902662
15030.000  0.89828
15032.000  0.943196
15034.000  0.903107
15036.000  0.938037
15038.000  0.924844
15040.000  0.771507
15042.000  0.888342
15044.000  0.94981
15046.000  0.908049
15048.000  0.808197
15050.000  0.816934
15052.000  0.823547
15054.000  0.906972
15056.000  0.931418
15058.000  0.92539
15060.000  0.919408
15062.000  0.900049
15064.000  0.911994
15066.000  0.943175
15068.000  0.926892
15070.000  0.925506
15072.000  0.942898
15074.000  0.924321
15076.000  0.906447
15078.000  0.879584
15080.000  0.897344
15082.000  0.925561
15084.000  0.864667
15086.000  0.90965
15088.000  0.917041
15090.000  0.902744
15092.000  0.94123
15094.000  0.955889
15096.000  0.945417
15098.000  0.889992
15100.000  0.91681
15102.000  0.944689
15104.000  0.951723
15106.000  0.93325
15108.000  0.930707
15110.000  0.925146
15112.000  0.912313
15114.000  0.92139
15116.000  0.891526
15118.000  0.860924
15120.000  0.927228
15122.000  0.904989
15124.000  0.959938
15126.000  0.973708
15128.000  0.900469
15130.000  0.787999
15132.000  0.878105
15134.000  0.934515
15136.000  0.941109
15138.000  0.933617
15140.000  0.916426
15142.000  0.918446
15144.000  0.887316
15146.000  0.853387
15148.000  0.860525
15150.000  0.937679
15152.000  0.949489
15154.000  0.918324
15156.000  0.90927
15158.000  0.735247
15160.000  0.915981
15162.000  0.922456
15164.000  0.904699
15166.000  0.93498
15168.000  0.923489
15170.000  0.920882
15172.000  0.923409
15174.000  0.928451
15176.000  0.948409
15178.000  0.910614
15180.000  0.864906
15182.000  0.906302
15184.000  0.92218
15186.000  0.925565
15188.000  0.942757
15190.000  0.955985
15192.000  0.931513
15194.000  0.905449
15196.000  0.931847
15198.000  0.935952
15200.000  0.904307
15202.000  0.957241
15204.000  0.949073
15206.000  0.9258
15208.000  0.889337
15210.000  0.900518
15212.000  0.902536
15214.000  0.931627
15216.000  0.900291
15218.000  0.746349
15220.000  0.887457
15222.000  0.913998
15224.000  0.929854
15226.000  0.94304
15228.000  0.920466
15230.000  0.960631
15232.000  0.955142
15234.000  0.964448
15236.000  0.897724
15238.000  0.903407
15240.000  0.950293
15242.000  0.883136
15244.000  0.869925
15246.000  0.8975
15248.000  0.93725
15250.000  0.957484
15252.000  0.919135
15254.000  0.919344
15256.000  0.940308
15258.000  0.94672
15260.000  0.932375
15262.000  0.75695
15264.000  0.80156
15266.000  0.866959
15268.000  0.93679
15270.000  0.95303
15272.000  0.933843
15274.000  0.972416
15276.000  0.90685
15278.000  0.857386
15280.000  0.86734
15282.000  0.867418
15284.000  0.863374
15286.000  0.912931
15288.000  0.952726
15290.000  0.957171
15292.000  0.942189
15294.000  0.878787
15296.000  0.918051
15298.000  0.922525
15300.000  0.943313
15302.000  0.962915
15304.000  0.979818
15306.000  0.949921
15308.000  0.932351
15310.000  0.938097
15312.000  0.941562
15314.000  0.935268
15316.000  0.93124
15318.000  0.886785
15320.000  0.925804
15322.000  0.933091
15324.000  0.942744
15326.000  0.958993
15328.000  0.864464
15330.000  0.937503
15332.000  0.961952
15334.000  0.903269
15336.000  0.886995
15338.000  0.949261
15340.000  0.954347
15342.000  0.899522
15344.000  0.876469
15346.000  0.911671
15348.000  0.959732
15350.000  0.972493
15352.000  0.937879
15354.000  0.914104
15356.000  0.927682
15358.000  0.90434
15360.000  0.908076
15362.000  0.954155
15364.000  0.950096
15366.000  0.983355
15368.000  0.93421
15370.000  0.8851
15372.000  0.828753
15374.000  0.843314
15376.000  0.873837
15378.000  0.907161
15380.000  0.913062
15382.000  0.862652
15384.000  0.843806
15386.000  0.892643
15388.000  0.882568
15390.000  0.904072
15392.000  0.868935
15394.000  0.909902
15396.000  0.905012
15398.000  0.949766
15400.000  0.888152
15402.000  0.880193
15404.000  0.905011
15406.000  0.895709
15408.000  0.838251
15410.000  0.921578
15412.000  0.960777
15414.000  0.967
15416.000  0.937356
15418.000  0.890569
15420.000  0.851462
15422.000  0.874112
15424.000  0.909253
15426.000  0.840488
15428.000  0.829071
15430.000  0.87506
15432.000  0.91608
15434.000  0.856596
15436.000  0.898883
15438.000  0.93872
15440.000  0.942595
15442.000  0.967788
15444.000  0.975818
15446.000  0.968091
15448.000  0.97602
15450.000  0.955225
15452.000  0.938402
15454.000  0.945126
15456.000  0.911674
15458.000  0.87122
15460.000  0.923284
15462.000  0.937336
15464.000  0.924268
15466.000  0.945331
15468.000  0.95741
15470.000  0.888431
15472.000  0.910351
15474.000  0.919034
15476.000  0.933664
15478.000  0.953565
15480.000  0.963183
15482.000  0.948623
15484.000  0.94231
15486.000  0.973297
15488.000  0.953754
15490.000  0.939137
15492.000  0.955473
15494.000  0.943662
15496.000  0.872311
15498.000  0.912077
15500.000  0.931979
15502.000  0.947662
15504.000  0.926909
15506.000  0.865762
15508.000  0.954204
15510.000  0.964588
15512.000  0.895222
15514.000  0.849512
15516.000  0.958085
15518.000  0.949787
15520.000  0.969115
15522.000  0.978221
15524.000  0.969834
15526.000  0.986347
15528.000  0.95876
15530.000  0.931918
15532.000  0.895449
15534.000  0.843606
15536.000  0.827156
15538.000  0.912665
15540.000  0.940669
15542.000  0.876308
15544.000  0.880482
15546.000  0.960793
15548.000  0.968481
15550.000  0.95361
15552.000  0.893803
15554.000  0.877298
15556.000  0.859504
15558.000  0.842514
15560.000  0.874264
15562.000  0.950013
15564.000  0.933655
15566.000  0.917116
15568.000  0.907957
15570.000  0.924698
15572.000  0.887707
15574.000  0.936925
15576.000  0.896947
15578.000  0.85455
15580.000  0.851486
15582.000  0.893756
15584.000  0.911637
15586.000  0.93068
15588.000  0.923515
15590.000  0.940729
15592.000  0.910746
15594.000  0.865325
15596.000  0.900399
15598.000  0.929195
15600.000  0.944895
15602.000  0.926156
15604.000  0.943234
15606.000  0.94477
15608.000  0.941881
15610.000  0.951426
15612.000  0.938551
15614.000  0.945248
15616.000  0.923602
15618.000  0.921931
15620.000  0.937009
15622.000  0.90886
15624.000  0.950449
15626.000  0.890761
15628.000  0.883698
15630.000  0.951315
15632.000  0.872976
15634.000  0.936741
15636.000  0.923643
15638.000  0.892935
15640.000  0.923496
15642.000  0.942827
15644.000  0.932014
15646.000  0.958215
15648.000  0.937948
15650.000  0.912852
15652.000  0.875717
15654.000  0.891491
15656.000  0.946472
15658.000  0.936001
15660.000  0.915432
15662.000  0.928656
15664.000  0.959996
15666.000  0.934165
15668.000  0.930443
15670.000  0.982607
15672.000  0.903039
15674.000  0.866165
15676.000  0.932864
15678.000  0.935885
15680.000  0.939662
15682.000  0.935416
15684.000  0.928473
15686.000  0.915734
15688.000  0.96536
15690.000  0.940736
15692.000  0.880215
15694.000  0.907315
15696.000  0.969699
15698.000  0.890009
15700.000  0.908208
15702.000  0.929871
15704.000  0.913475
15706.000  0.926267
15708.000  0.926118
15710.000  0.948876
15712.000  0.924178
15714.000  0.927437
15716.000  0.870884
15718.000  0.899549
15720.000  0.894169
15722.000  0.945325
15724.000  0.931535
15726.000  0.876762
15728.000  0.905388
15730.000  0.895633
15732.000  0.930837
15734.000  0.974627
15736.000  0.955786
15738.000  0.950339
15740.000  0.843063
15742.000  0.835236
15744.000  0.849709
15746.000  0.934235
15748.000  0.861792
15750.000  0.865973
15752.000  0.954051
15754.000  0.927924
15756.000  0.834675
15758.000  0.910821
15760.000  0.972702
15762.000  0.963592
15764.000  0.931803
15766.000  0.796513
15768.000  0.888925
15770.000  0.874862
15772.000  0.927365
15774.000  0.847145
15776.000  0.77072
15778.000  0.815745
15780.000  0.859364
15782.000  0.90718
15784.000  0.917919
15786.000  0.92667
15788.000  0.924627
15790.000  0.938978
15792.000  0.925177
15794.000  0.915665
15796.000  0.890628
15798.000  0.915743
15800.000  0.93371
15802.000  0.930759
15804.000  0.945853
15806.000  0.941857
15808.000  0.947679
15810.000  0.892234
15812.000  0.955634
15814.000  0.939311
15816.000  0.917805
15818.000  0.868447
15820.000  0.896256
15822.000  0.871915
15824.000  0.91947
15826.000  0.914087
15828.000  0.913237
15830.000  0.925604
15832.000  0.93694
15834.000  0.940149
15836.000  0.924241
15838.000  0.959772
15840.000  0.977233
15842.000  0.937613
15844.000  0.918724
15846.000  0.945215
15848.000  0.932865
15850.000  0.939123
15852.000  0.924724
15854.000  0.90676
15856.000  0.948677
15858.000  0.960127
15860.000  0.93165
15862.000  0.930468
15864.000  0.934442
15866.000  0.945491
15868.000  0.896492
15870.000  0.917483
15872.000  0.93548
15874.000  0.927339
15876.000  0.936427
15878.000  0.884781
15880.000  0.878051
15882.000  0.894647
15884.000  0.838255
15886.000  0.833145
15888.000  0.749133
15890.000  0.860767
15892.000  0.831196
15894.000  0.843707
15896.000  0.94943
15898.000  0.888052
15900.000  0.919144
15902.000  0.926539
15904.000  0.931854
15906.000  0.882423
15908.000  0.950197
15910.000  0.903581
15912.000  0.877525
15914.000  0.917622
15916.000  0.958079
15918.000  0.964616
15920.000  0.926177
15922.000  0.948604
15924.000  0.752687
15926.000  0.835982
15928.000  0.949314
15930.000  0.948958
15932.000  0.941387
15934.000  0.976103
15936.000  0.972765
15938.000  0.968237
15940.000  0.918858
15942.000  0.935644
15944.000  0.977164
15946.000  0.962218
15948.000  0.965916
15950.000  0.947636
15952.000  0.943771
15954.000  0.934757
15956.000  0.962678
15958.000  0.939052
15960.000  0.860847
15962.000  0.952233
15964.000  0.946531
15966.000  0.934631
15968.000  0.90366
15970.000  0.904412
15972.000  0.957054
15974.000  0.964382
15976.000  0.953842
15978.000  0.830754
15980.000  0.775518
15982.000  0.772878
15984.000  0.895715
15986.000  0.914765
15988.000  0.905271
15990.000  0.890745
15992.000  0.92409
15994.000  0.949699
15996.000  0.914024
15998.000  0.941917
16000.000  0.917897
16002.000  0.911217
16004.000  0.922193
16006.000  0.911776
16008.000  0.926968
16010.000  0.903739
16012.000  0.910921
16014.000  0.935024
16016.000  0.932275
16018.000  0.961303
16020.000  0.931823
16022.000  0.907092
16024.000  0.924795
16026.000  0.903777
16028.000  0.956967
16030.000  0.891897
16032.000  0.900424
16034.000  0.955732
16036.000  0.891659
16038.000  0.84751
16040.000  0.920491
16042.000  0.92605
16044.000  0.932715
16046.000  0.988379
16048.000  0.954936
16050.000  0.939988
16052.000  0.910674
16054.000  0.890877
16056.000  0.879802
16058.000  0.965364
16060.000  0.897621
16062.000  0.84854
16064.000  0.891742
16066.000  0.918066
16068.000  0.946881
16070.000  0.89653
16072.000  0.940466
16074.000  0.870002
16076.000  0.897803
16078.000  0.943212
16080.000  0.971056
16082.000  0.944057
16084.000  0.935423
16086.000  0.972024
16088.000  0.983089
16090.000  0.94405
16092.000  0.946325
16094.000  0.890384
16096.000  0.896699
16098.000  0.941438
16100.000  0.941982
16102.000  0.907074
16104.000  0.937764
16106.000  0.930515
16108.000  0.912664
16110.000  0.904593
16112.000  0.935419
16114.000  0.949485
16116.000  0.932627
16118.000  0.932011
16120.000  0.965271
16122.000  0.960232
16124.000  0.897593
16126.000  0.95411
16128.000  0.946823
16130.000  0.962617
16132.000  0.979865
16134.000  0.954483
16136.000  0.90023
16138.000  0.927412
16140.000  0.96805
16142.000  0.988622
16144.000  0.957977
16146.000  0.958855
16148.000  0.936948
16150.000  0.899701
16152.000  0.909514
16154.000  0.910603
16156.000  0.883588
16158.000  0.900218
16160.000  0.947285
16162.000  0.936241
16164.000  0.914442
16166.000  0.944357
16168.000  0.959709
16170.000  0.97543
16172.000  0.988619
16174.000  0.966168
16176.000  0.973276
16178.000  0.982752
16180.000  0.938661
16182.000  0.959131
16184.000  0.877037
16186.000  0.805937
16188.000  0.872805
16190.000  0.813948
16192.000  0.836026
16194.000  0.902136
16196.000  0.883672
16198.000  0.818523
16200.000  0.716978
16202.000  0.872356
16204.000  0.829062
16206.000  0.884874
16208.000  0.861644
16210.000  0.940392
16212.000  0.958932
16214.000  0.936818
16216.000  0.850864
16218.000  0.86286
16220.000  0.894427
16222.000  0.948651
16224.000  0.882091
16226.000  0.842796
16228.000  0.946594
16230.000  0.879671
16232.000  0.905069
16234.000  0.976297
16236.000  0.94449
16238.000  0.944366
16240.000  0.887769
16242.000  0.834797
16244.000  0.912151
16246.000  0.95928
16248.000  0.871379
16250.000  0.904336
16252.000  0.872289
16254.000  0.906429
16256.000  0.906154
16258.000  0.956927
16260.000  0.883223
16262.000  0.945124
16264.000  0.962862
16266.000  0.893123
16268.000  0.948002
16270.000  0.962166
16272.000  0.96992
16274.000  0.924469
16276.000  0.931937
16278.000  0.976697
16280.000  0.951673
16282.000  0.941857
16284.000  0.95493
16286.000  0.972654
16288.000  0.977234
16290.000  0.951999
16292.000  0.953819
16294.000  0.962702
16296.000  0.945974
16298.000  0.893441
16300.000  0.90228
16302.000  0.967136
16304.000  0.947409
16306.000  0.964222
16308.000  0.947644
16310.000  0.90086
16312.000  0.882786
16314.000  0.939432
16316.000  0.948935
16318.000  0.948222
16320.000  0.969437
16322.000  0.948983
16324.000  0.926693
16326.000  0.967302
16328.000  0.97449
16330.000  0.974855
16332.000  0.951055
16334.000  0.94105
16336.000  0.947415
16338.000  0.894724
16340.000  0.959142
16342.000  0.974166
16344.000  0.982208
16346.000  0.906121
16348.000  0.921866
16350.000  0.962295
16352.000  0.892628
16354.000  0.892071
16356.000  0.894378
16358.000  0.947144
16360.000  0.98342
16362.000  0.97912
16364.000  0.845558
16366.000  0.897335
16368.000  0.895038
16370.000  0.952276
16372.000  0.97673
16374.000  0.940596
16376.000  0.929381
16378.000  0.959116
16380.000  0.871528
16382.000  0.847264
16384.000  0.90693
16386.000  0.960357
16388.000  0.950962
16390.000  0.964179
16392.000  0.975086
16394.000  0.95392
16396.000  0.872806
16398.000  0.833531
16400.000  0.893929
16402.000  0.88539
16404.000  0.881124
16406.000  0.744375
16408.000  0.835271
16410.000  0.882323
16412.000  0.894823
16414.000  0.900408
16416.000  0.934338
16418.000  0.915526
16420.000  0.951509
16422.000  0.945325
16424.000  0.954691
16426.000  0.933025
16428.000  0.954092
16430.000  0.929157
16432.000  0.955552
16434.000  0.91362
16436.000  0.897489
16438.000  0.908231
16440.000  0.951403
16442.000  0.901126
16444.000  0.785683
16446.000  0.915314
16448.000  0.903897
16450.000  0.934107
16452.000  0.938014
16454.000  0.857963
16456.000  0.905939
16458.000  0.962329
16460.000  0.978866
16462.000  0.957856
16464.000  0.975551
16466.000  0.974329
16468.000  0.966291
16470.000  0.950704
16472.000  0.89292
16474.000  0.876991
16476.000  0.94167
16478.000  0.946854
16480.000  0.947173
16482.000  0.951766
16484.000  0.968568
16486.000  0.911715
16488.000  0.918537
16490.000  0.92297
16492.000  0.962561
16494.000  0.947887
16496.000  0.943633
16498.000  0.944266
16500.000  0.98389
16502.000  0.983397
16504.000  0.977368
16506.000  0.942964
16508.000  0.967022
16510.000  0.982422
16512.000  0.957933
16514.000  0.935454
16516.000  0.968844
16518.000  0.984371
16520.000  0.967552
16522.000  0.950776
16524.000  0.902053
16526.000  0.901179
16528.000  0.957202
16530.000  0.979147
16532.000  0.967203
16534.000  0.905902
16536.000  0.936915
16538.000  0.914958
16540.000  0.953128
16542.000  0.970176
16544.000  0.967045
16546.000  0.977824
16548.000  0.961492
16550.000  0.924543
16552.000  0.969589
16554.000  0.987539
16556.000  0.957288
16558.000  0.94867
16560.000  0.956825
16562.000  0.96945
16564.000  0.962365
16566.000  0.975803
16568.000  0.972881
16570.000  0.934057
16572.000  0.963733
16574.000  0.989457
16576.000  0.980103
16578.000  0.949767
16580.000  0.939687
16582.000  0.869057
16584.000  0.952325
16586.000  0.944608
16588.000  0.967555
16590.000  0.982333
16592.000  0.983366
16594.000  0.947796
16596.000  0.968567
16598.000  0.973597
16600.000  0.970047
16602.000  0.979102
16604.000  0.95273
16606.000  0.896642
16608.000  0.927359
16610.000  0.97474
16612.000  0.936995
16614.000  0.852706
16616.000  0.889507
16618.000  0.925806
16620.000  0.923751
16622.000  0.904812
16624.000  0.920441
16626.000  0.915884
16628.000  0.961599
16630.000  0.945479
16632.000  0.935053
16634.000  0.943337
16636.000  0.918378
16638.000  0.952579
16640.000  0.941644
16642.000  0.943354
16644.000  0.945562
16646.000  0.931147
16648.000  0.974373
16650.000  0.948286
16652.000  0.970297
16654.000  0.9295
16656.000  0.967346
16658.000  0.97101
16660.000  0.965778
16662.000  0.989912
16664.000  0.957309
16666.000  0.909151
16668.000  0.953868
16670.000  0.949725
16672.000  0.947529
16674.000  0.950425
16676.000  0.958501
16678.000  0.941038
16680.000  0.899095
16682.000  0.94239
16684.000  0.955838
16686.000  0.955236
16688.000  0.92601
16690.000  0.956603
16692.000  0.975104
16694.000  0.967572
16696.000  0.96885
16698.000  0.975029
16700.000  0.987431
16702.000  0.981373
16704.000  0.890241
16706.000  0.865357
16708.000  0.79864
16710.000  0.950618
16712.000  0.946182
16714.000  0.914407
16716.000  0.968588
16718.000  0.890449
16720.000  0.888905
16722.000  0.960094
16724.000  0.958637
16726.000  0.964995
16728.000  0.892392
16730.000  0.896386
16732.000  0.962674
16734.000  0.983603
16736.000  0.970129
16738.000  0.967638
16740.000  0.98486
16742.000  0.984782
16744.000  0.984205
16746.000  0.969541
16748.000  0.934272
16750.000  0.790899
16752.000  0.844913
16754.000  0.959893
16756.000  0.930533
16758.000  0.798925
16760.000  0.950699
16762.000  0.932807
16764.000  0.915382
16766.000  0.958379
16768.000  0.987989
16770.000  0.980965
16772.000  0.97539
16774.000  0.987167
16776.000  0.975446
16778.000  0.976168
16780.000  0.974822
16782.000  0.977564
16784.000  0.969296
16786.000  0.965678
16788.000  0.980852
16790.000  0.984436
16792.000  0.982404
16794.000  0.967782
16796.000  0.955427
16798.000  0.948916
16800.000  0.908668
16802.000  0.950447
16804.000  0.916992
16806.000  0.872522
16808.000  0.871783
16810.000  0.941246
16812.000  0.952281
16814.000  0.968462
16816.000  0.944067
16818.000  0.939246
16820.000  0.954281
16822.000  0.963893
16824.000  0.962955
16826.000  0.979649
16828.000  0.943074
16830.000  0.981092
16832.000  0.98816
16834.000  0.962962
16836.000  0.884423
16838.000  0.914552
16840.000  0.933282
16842.000  0.941421
16844.000  0.93005
16846.000  0.951656
16848.000  0.972601
16850.000  0.967637
16852.000  0.964481
16854.000  0.979645
16856.000  0.945425
16858.000  0.948218
16860.000  0.95773
16862.000  0.938422
16864.000  0.936936
16866.000  0.969974
16868.000  0.945862
16870.000  0.974409
16872.000  0.972896
16874.000  0.966694
16876.000  0.966997
16878.000  0.965186
16880.000  0.984156
16882.000  0.972709
16884.000  0.911466
16886.000  0.899497
16888.000  0.948004
16890.000  0.924861
16892.000  0.956997
16894.000  0.934747
16896.000  0.9178
16898.000  0.925644
16900.000  0.943888
16902.000  0.92036
16904.000  0.858263
16906.000  0.902839
16908.000  0.951486
16910.000  0.919685
16912.000  0.966083
16914.000  0.963053
16916.000  0.963048
16918.000  0.9876
16920.000  0.989814
16922.000  0.985229
16924.000  0.97345
16926.000  0.976602
16928.000  0.975064
16930.000  0.974678
16932.000  0.973498
16934.000  0.963045
16936.000  0.988655
16938.000  0.990254
16940.000  0.975315
16942.000  0.976487
16944.000  0.976322
16946.000  0.989834
16948.000  0.968894
16950.000  0.948471
16952.000  0.975605
16954.000  0.985831
16956.000  0.980224
16958.000  0.968035
16960.000  0.976781
16962.000  0.976049
16964.000  0.9709
16966.000  0.97676
16968.000  0.972146
16970.000  0.966041
16972.000  0.983257
16974.000  0.978068
16976.000  0.972321
16978.000  0.989512
16980.000  0.993899
16982.000  0.975839
16984.000  0.971425
16986.000  0.960517
16988.000  0.970395
16990.000  0.985504
16992.000  0.966322
16994.000  0.971159
16996.000  0.891564
16998.000  0.928516
17000.000  0.980697
17002.000  0.936816
17004.000  0.939856
17006.000  0.963248
17008.000  0.981887
17010.000  0.964096
17012.000  0.948643
17014.000  0.968482
17016.000  0.974741
17018.000  0.980959
17020.000  0.982341
17022.000  0.987327
17024.000  0.992225
17026.000  0.978266
17028.000  0.987614
17030.000  0.993344
17032.000  0.978806
17034.000  0.959801
17036.000  0.980182
17038.000  0.976801
17040.000  0.982261
17042.000  0.986006
17044.000  0.986464
17046.000  0.982063
17048.000  0.984252
17050.000  0.914211
17052.000  0.918468
17054.000  0.97569
17056.000  0.980697
17058.000  0.984265
17060.000  0.970617
17062.000  0.938441
17064.000  0.915683
17066.000  0.881465
17068.000  0.926577
17070.000  0.920099
17072.000  0.943681
17074.000  0.890682
17076.000  0.92098
17078.000  0.961532
17080.000  0.983271
17082.000  0.973638
17084.000  0.971223
17086.000  0.938526
17088.000  0.969167
17090.000  0.965176
17092.000  0.985458
17094.000  0.97095
17096.000  0.929333
17098.000  0.958461
17100.000  0.926374
17102.000  0.951192
17104.000  0.906069
17106.000  0.923726
17108.000  0.786067
17110.000  0.800146
17112.000  0.950675
17114.000  0.959496
17116.000  0.979419
17118.000  0.955405
17120.000  0.927938
17122.000  0.969199
17124.000  0.954111
17126.000  0.973362
17128.000  0.977098
17130.000  0.979534
17132.000  0.977561
17134.000  0.973913
17136.000  0.993356
17138.000  0.973143
17140.000  0.974909
17142.000  0.988027
17144.000  0.989287
17146.000  0.983477
17148.000  0.987651
17150.000  0.991135
17152.000  0.982612
17154.000  0.984693
17156.000  0.968418
17158.000  0.976421
17160.000  0.965402
17162.000  0.959366
17164.000  0.98102
17166.000  0.969641
17168.000  0.973617
17170.000  0.936181
17172.000  0.942044
17174.000  0.927563
17176.000  0.968106
17178.000  0.982959
17180.000  0.983412
17182.000  0.97906
17184.000  0.9327
17186.000  0.963416
17188.000  0.982693
17190.000  0.956142
17192.000  0.950595
17194.000  0.967963
17196.000  0.974235
17198.000  0.98318
17200.000  0.986919
17202.000  0.991139
17204.000  0.934034
17206.000  0.891994
17208.000  0.935187
17210.000  0.982997
17212.000  0.988924
17214.000  0.980544
17216.000  0.982399
17218.000  0.972242
17220.000  0.987227
17222.000  0.982776
17224.000  0.947488
17226.000  0.880911
17228.000  0.909781
17230.000  0.946369
17232.000  0.97536
17234.000  0.963738
17236.000  0.987628
17238.000  0.949346
17240.000  0.897273
17242.000  0.924318
17244.000  0.889839
17246.000  0.970814
17248.000  0.985132
17250.000  0.987479
17252.000  0.96489
17254.000  0.972777
17256.000  0.990514
17258.000  0.991288
17260.000  0.982388
17262.000  0.962513
17264.000  0.979056
17266.000  0.989937
17268.000  0.991299
17270.000  0.991711
17272.000  0.990115
17274.000  0.97318
17276.000  0.976487
17278.000  0.964212
17280.000  0.974037
17282.000  0.970229
17284.000  0.971834
17286.000  0.980231
17288.000  0.977495
17290.000  0.987726
17292.000  0.9903
17294.000  0.970779
17296.000  0.941453
17298.000  0.951417
17300.000  0.968436
17302.000  0.981628
17304.000  0.977621
17306.000  0.956627
17308.000  0.911231
17310.000  0.956435
17312.000  0.939384
17314.000  0.930954
17316.000  0.963967
17318.000  0.951834
17320.000  0.971453
17322.000  0.96528
17324.000  0.845712
17326.000  0.846616
17328.000  0.894696
17330.000  0.961586
17332.000  0.974276
17334.000  0.982094
17336.000  0.963591
17338.000  0.891712
17340.000  0.890884
17342.000  0.98025
17344.000  0.976865
17346.000  0.928411
17348.000  0.920849
17350.000  0.885529
17352.000  0.924545
17354.000  0.954376
17356.000  0.928017
17358.000  0.919416
17360.000  0.918378
17362.000  0.873504
17364.000  0.915823
17366.000  0.943246
17368.000  0.959917
17370.000  0.96545
17372.000  0.975274
17374.000  0.986528
17376.000  0.984995
17378.000  0.944753
17380.000  0.938839
17382.000  0.962438
17384.000  0.979834
17386.000  0.968533
17388.000  0.98087
17390.000  0.982163
17392.000  0.986513
17394.000  0.979853
17396.000  0.976848
17398.000  0.987377
17400.000  0.98514
17402.000  0.980771
17404.000  0.978119
17406.000  0.953709
17408.000  0.914168
17410.000  0.952675
17412.000  0.943326
17414.000  0.922596
17416.000  0.960854
17418.000  0.983546
17420.000  0.957819
17422.000  0.921256
17424.000  0.909878
17426.000  0.9574
17428.000  0.929834
17430.000  0.977331
17432.000  0.989218
17434.000  0.996253
17436.000  0.992941
17438.000  0.984892
17440.000  0.987902
17442.000  0.992693
17444.000  0.984351
17446.000  0.971735
17448.000  0.964233
17450.000  0.97783
17452.000  0.995663
17454.000  0.985034
17456.000  0.968762
17458.000  0.987847
17460.000  0.99183
17462.000  0.990573
17464.000  0.983825
17466.000  0.906414
17468.000  0.916747
17470.000  0.993367
17472.000  0.993308
17474.000  0.988915
17476.000  0.985683
17478.000  0.984736
17480.000  0.988593
17482.000  0.988424
17484.000  0.985582
17486.000  0.982497
17488.000  0.994753
17490.000  0.994355
17492.000  0.976336
17494.000  0.956812
17496.000  0.798491
17498.000  0.870209
17500.000  0.939326
17502.000  0.962352
17504.000  0.983639
17506.000  0.961173
17508.000  0.971683
17510.000  0.989772
17512.000  0.990187
17514.000  0.988267
17516.000  0.987394
17518.000  0.944103
17520.000  0.97526
17522.000  0.969975
17524.000  0.951986
17526.000  0.950696
17528.000  0.97607
17530.000  0.980492
17532.000  0.98381
17534.000  0.96745
17536.000  0.970502
17538.000  0.970652
17540.000  0.971652
17542.000  0.985469
17544.000  0.979369
17546.000  0.971691
17548.000  0.951514
17550.000  0.967385
17552.000  0.985813
17554.000  0.985108
17556.000  0.981399
17558.000  0.991338
17560.000  0.984696
17562.000  0.993048
17564.000  0.986824
17566.000  0.982053
17568.000  0.99144
17570.000  0.987958
17572.000  0.983166
17574.000  0.980847
17576.000  0.980325
17578.000  0.992397
17580.000  0.982458
17582.000  0.975803
17584.000  0.984935
17586.000  0.97576
17588.000  0.983722
17590.000  0.994596
17592.000  0.985624
17594.000  0.984244
17596.000  0.991684
17598.000  0.986675
17600.000  0.991834
17602.000  0.993081
17604.000  0.969128
17606.000  0.798833
17608.000  0.769325
17610.000  0.932543
17612.000  0.967572
17614.000  0.985942
17616.000  0.944394
17618.000  0.908854
17620.000  0.956036
17622.000  0.957177
17624.000  0.907068
17626.000  0.98242
17628.000  0.988464
17630.000  0.99324
17632.000  0.987158
17634.000  0.989069
17636.000  0.981038
17638.000  0.961131
17640.000  0.957932
17642.000  0.98052
17644.000  0.990491
17646.000  0.984946
17648.000  0.97654
17650.000  0.986075
17652.000  0.990594
17654.000  0.97615
17656.000  0.934387
17658.000  0.975817
17660.000  0.991278
17662.000  0.979714
17664.000  0.983696
17666.000  0.980857
17668.000  0.981129
17670.000  0.984088
17672.000  0.974544
17674.000  0.987062
17676.000  0.986202
17678.000  0.974265
17680.000  0.958163
17682.000  0.954802
17684.000  0.976659
17686.000  0.977222
17688.000  0.99416
17690.000  0.995915
17692.000  0.990905
17694.000  0.980151
17696.000  0.960115
17698.000  0.981545
17700.000  0.977844
17702.000  0.986323
17704.000  0.987457
17706.000  0.988519
17708.000  0.971709
17710.000  0.976932
17712.000  0.980215
17714.000  0.977265
17716.000  0.99449
17718.000  0.985945
17720.000  0.988118
17722.000  0.990158
17724.000  0.991453
17726.000  0.994513
17728.000  0.993963
17730.000  0.986518
17732.000  0.983165
17734.000  0.985202
17736.000  0.984822
17738.000  0.995401
17740.000  0.996653
17742.000  0.972491
17744.000  0.747914
17746.000  0.784161
17748.000  0.97999
17750.000  0.979587
17752.000  0.977709
17754.000  0.967428
17756.000  0.989821
17758.000  0.981929
17760.000  0.975418
17762.000  0.952153
17764.000  0.981141
17766.000  0.98539
17768.000  0.981323
17770.000  0.952553
17772.000  0.951453
17774.000  0.992272
17776.000  0.993457
17778.000  0.979942
17780.000  0.973126
17782.000  0.974602
17784.000  0.980377
17786.000  0.971325
17788.000  0.970886
17790.000  0.973753
17792.000  0.988677
17794.000  0.985913
17796.000  0.992092
17798.000  0.992679
17800.000  0.989835
17802.000  0.991531
17804.000  0.994381
17806.000  0.982837
17808.000  0.982249
17810.000  0.987028
17812.000  0.971923
17814.000  0.935424
17816.000  0.962177
17818.000  0.940842
17820.000  0.96948
17822.000  0.960066
17824.000  0.931671
17826.000  0.897314
17828.000  0.964717
17830.000  0.948422
17832.000  0.966079
17834.000  0.986246
17836.000  0.983674
17838.000  0.984948
17840.000  0.993488
17842.000  0.992435
17844.000  0.976687
17846.000  0.929444
17848.000  0.957996
17850.000  0.96449
17852.000  0.990142
17854.000  0.983482
17856.000  0.986725
17858.000  0.984098
17860.000  0.995888
17862.000  0.994347
17864.000  0.990588
17866.000  0.984753
17868.000  0.990171
17870.000  0.991506
17872.000  0.991929
17874.000  0.985638
17876.000  0.980548
17878.000  0.984467
17880.000  0.991292
17882.000  0.992934
17884.000  0.991288
17886.000  0.99094
17888.000  0.993675
17890.000  0.989358
17892.000  0.985373
17894.000  0.990869
17896.000  0.992498
17898.000  0.99362
17900.000  0.992669
17902.000  0.975161
17904.000  0.960972
17906.000  0.985186
17908.000  0.993753
17910.000  0.991393
17912.000  0.987133
17914.000  0.987624
17916.000  0.983737
17918.000  0.988915
17920.000  0.997159
17922.000  0.99789
17924.000  0.99529
17926.000  0.988733
17928.000  0.980401
17930.000  0.947991
17932.000  0.985084
17934.000  0.987063
17936.000  0.97765
17938.000  0.95658
17940.000  0.989585
17942.000  0.993823
17944.000  0.996514
17946.000  0.987875
17948.000  0.990696
17950.000  0.986208
17952.000  0.992739
17954.000  0.991392
17956.000  0.993172
17958.000  0.993849
17960.000  0.995442
17962.000  0.993505
17964.000  0.992045
17966.000  0.993016
17968.000  0.986133
17970.000  0.983677
17972.000  0.99153
17974.000  0.990886
17976.000  0.989275
17978.000  0.985492
17980.000  0.991122
17982.000  0.997558
17984.000  0.995321
17986.000  0.962279
17988.000  0.912907
17990.000  0.97489
17992.000  0.996457
17994.000  0.993922
17996.000  0.990709
17998.000  0.99447
18000.000  0.990291
18002.000  0.96843
18004.000  0.964379
18006.000  0.938349
18008.000  0.959152
18010.000  0.990684
18012.000  0.988791
18014.000  0.990556
18016.000  0.982339
18018.000  0.983999
18020.000  0.99136
18022.000  0.975564
18024.000  0.956437
18026.000  0.96685
18028.000  0.937156
18030.000  0.973623
18032.000  0.971613
18034.000  0.934922
18036.000  0.964806
18038.000  0.893331
18040.000  0.968126
18042.000  0.970851
18044.000  0.951257
18046.000  0.992887
18048.000  0.963927
18050.000  0.904532
18052.000  0.987571
18054.000  0.990793
18056.000  0.98464
18058.000  0.986082
18060.000  0.984129
18062.000  0.958406
18064.000  0.972671
18066.000  0.991284
18068.000  0.995776
18070.000  0.99604
18072.000  0.992734
18074.000  0.989103
18076.000  0.980456
18078.000  0.990302
18080.000  0.994273
18082.000  0.989451
18084.000  0.982597
18086.000  0.992574
18088.000  0.996631
18090.000  0.991403
18092.000  0.990273
18094.000  0.989004
18096.000  0.991215
18098.000  0.987736
18100.000  0.990429
18102.000  0.995491
18104.000  0.993948
18106.000  0.993737
18108.000  0.969242
18110.000  0.981344
18112.000  0.976489
18114.000  0.964849
18116.000  0.978899
18118.000  0.976161
18120.000  0.988046
18122.000  0.992968
18124.000  0.98928
18126.000  0.993411
18128.000  0.990871
18130.000  0.993264
18132.000  0.992926
18134.000  0.992603
18136.000  0.994658
18138.000  0.994032
18140.000  0.988183
18142.000  0.977132
18144.000  0.993313
18146.000  0.994757
18148.000  0.987775
18150.000  0.979938
18152.000  0.991289
18154.000  0.989745
18156.000  0.990299
18158.000  0.984427
18160.000  0.98646
18162.000  0.985314
18164.000  0.982037
18166.000  0.976188
18168.000  0.971488
18170.000  0.957242
18172.000  0.931859
18174.000  0.884711
18176.000  0.922525
18178.000  0.949713
18180.000  0.962359
18182.000  0.94509
18184.000  0.978245
18186.000  0.98185
18188.000  0.987501
18190.000  0.991846
18192.000  0.994509
18194.000  0.983562
18196.000  0.954211
18198.000  0.960636
18200.000  0.966817
18202.000  0.995311
18204.000  0.99111
18206.000  0.97042
18208.000  0.991488
18210.000  0.996771
18212.000  0.968803
18214.000  0.966208
18216.000  0.974251
18218.000  0.962711
18220.000  0.978759
18222.000  0.96936
18224.000  0.946162
18226.000  0.978618
18228.000  0.990147
18230.000  0.987949
18232.000  0.991418
18234.000  0.990712
18236.000  0.987771
18238.000  0.987322
18240.000  0.992241
18242.000  0.993528
18244.000  0.994004
18246.000  0.993453
18248.000  0.961942
18250.000  0.9577
18252.000  0.983953
18254.000  0.981268
18256.000  0.990439
18258.000  0.988288
18260.000  0.989258
18262.000  0.985642
18264.000  0.952812
18266.000  0.960578
18268.000  0.980437
18270.000  0.95166
18272.000  0.978679
18274.000  0.991122
18276.000  0.992169
18278.000  0.984577
18280.000  0.986505
18282.000  0.976623
18284.000  0.923875
18286.000  0.961858
18288.000  0.985781
18290.000  0.98245
18292.000  0.979818
18294.000  0.978391
18296.000  0.979628
18298.000  0.987404
18300.000  0.976572
18302.000  0.972954
18304.000  0.983446
18306.000  0.961687
18308.000  0.830853
18310.000  0.937935
18312.000  0.992365
18314.000  0.995175
18316.000  0.988438
18318.000  0.982066
18320.000  0.976017
18322.000  0.985302
18324.000  0.983582
18326.000  0.988323
18328.000  0.993911
18330.000  0.992935
18332.000  0.997012
18334.000  0.994328
18336.000  0.990151
18338.000  0.993415
18340.000  0.979947
18342.000  0.963366
18344.000  0.989931
18346.000  0.989254
18348.000  0.982632
18350.000  0.97999
18352.000  0.990545
18354.000  0.978766
18356.000  0.973685
18358.000  0.970238
18360.000  0.969328
18362.000  0.98688
18364.000  0.989295
18366.000  0.992709
18368.000  0.992855
18370.000  0.982949
18372.000  0.980279
18374.000  0.924286
18376.000  0.967073
18378.000  0.986424
18380.000  0.99399
18382.000  0.994999
18384.000  0.99766
18386.000  0.994086
18388.000  0.991356
18390.000  0.991411
18392.000  0.957987
18394.000  0.962899
18396.000  0.929277
18398.000  0.932674
18400.000  0.961185
18402.000  0.962102
18404.000  0.988426
18406.000  0.995331
18408.000  0.988569
18410.000  0.993504
18412.000  0.976337
18414.000  0.945322
18416.000  0.986436
18418.000  0.961432
18420.000  0.959961
18422.000  0.925461
18424.000  0.962372
18426.000  0.989049
18428.000  0.975216
18430.000  0.964997
18432.000  0.992416
18434.000  0.98553
18436.000  0.991522
18438.000  0.994366
18440.000  0.997761
18442.000  0.996038
18444.000  0.993158
18446.000  0.993965
18448.000  0.993905
18450.000  0.995425
18452.000  0.98633
18454.000  0.941467
18456.000  0.964724
18458.000  0.995228
18460.000  0.995529
18462.000  0.993918
18464.000  0.914571
18466.000  0.848603
18468.000  0.982974
18470.000  0.989912
18472.000  0.964087
18474.000  0.991503
18476.000  0.995762
18478.000  0.989902
18480.000  0.987388
18482.000  0.99514
18484.000  0.995244
18486.000  0.993855
18488.000  0.994158
18490.000  0.992995
18492.000  0.993463
18494.000  0.99315
18496.000  0.9946
18498.000  0.991241
18500.000  0.991147
18502.000  0.993911
18504.000  0.998055
18506.000  0.997394
18508.000  0.99423
18510.000  0.995173
18512.000  0.993924
18514.000  0.990302
18516.000  0.989361
18518.000  0.993156
18520.000  0.98637
18522.000  0.960639
18524.000  0.925727
18526.000  0.965543
18528.000  0.991507
18530.000  0.996177
18532.000  0.997372
18534.000  0.995757
18536.000  0.996111
18538.000  0.995017
18540.000  0.996375
18542.000  0.998057
18544.000  0.993014
18546.000  0.993379
18548.000  0.992217
18550.000  0.992165
18552.000  0.979755
18554.000  0.911964
18556.000  0.954817
18558.000  0.989521
18560.000  0.995399
18562.000  0.995155
18564.000  0.994022
18566.000  0.991297
18568.000  0.978961
18570.000  0.985714
18572.000  0.993036
18574.000  0.99702
18576.000  0.997722
18578.000  0.996184
18580.000  0.993481
18582.000  0.984366
18584.000  0.936413
18586.000  0.982265
18588.000  0.995841
18590.000  0.996729
18592.000  0.996027
18594.000  0.984485
18596.000  0.984988
18598.000  0.994608
18600.000  0.992838
18602.000  0.991226
18604.000  0.995154
18606.000  0.995862
18608.000  0.988566
18610.000  0.980156
18612.000  0.979095
18614.000  0.960856
18616.000  0.97329
18618.000  0.965905
18620.000  0.994752
18622.000  0.991166
18624.000  0.954429
18626.000  0.963173
18628.000  0.960569
18630.000  0.993112
18632.000  0.969222
18634.000  0.975561
18636.000  0.98217
18638.000  0.958434
18640.000  0.994153
18642.000  0.997872
18644.000  0.998566
18646.000  0.998045
18648.000  0.994024
18650.000  0.994643
18652.000  0.991469
18654.000  0.977109
18656.000  0.965201
18658.000  0.954601
18660.000  0.984696
18662.000  0.99146
18664.000  0.997302
18666.000  0.996104
18668.000  0.995218
18670.000  0.994924
18672.000  0.997077
18674.000  0.996929
18676.000  0.994228
18678.000  0.994757
18680.000  0.99715
18682.000  0.996022
18684.000  0.997778
18686.000  0.994107
18688.000  0.992867
18690.000  0.996031
18692.000  0.995885
18694.000  0.996548
18696.000  0.97976
18698.000  0.970308
18700.000  0.99182
18702.000  0.997106
18704.000  0.995364
18706.000  0.996043
18708.000  0.996246
18710.000  0.991706
18712.000  0.969468
18714.000  0.954382
18716.000  0.992291
18718.000  0.996837
18720.000  0.991815
18722.000  0.935593
18724.000  0.924904
18726.000  0.964129
18728.000  0.977508
18730.000  0.993809
18732.000  0.993662
18734.000  0.983165
18736.000  0.969979
18738.000  0.981776
18740.000  0.975335
18742.000  0.982516
18744.000  0.979809
18746.000  0.963709
18748.000  0.931104
18750.000  0.809889
18752.000  0.823466
18754.000  0.943006
18756.000  0.967445
18758.000  0.979491
18760.000  0.979571
18762.000  0.985209
18764.000  0.988228
18766.000  0.992492
18768.000  0.992854
18770.000  0.993724
18772.000  0.991443
18774.000  0.992745
18776.000  0.99208
18778.000  0.99274
18780.000  0.994749
18782.000  0.995165
18784.000  0.995534
18786.000  0.993814
18788.000  0.995553
18790.000  0.973965
18792.000  0.972829
18794.000  0.996191
18796.000  0.997396
18798.000  0.996889
18800.000  0.991694
18802.000  0.993499
18804.000  0.997355
18806.000  0.99679
18808.000  0.996734
18810.000  0.997552
18812.000  0.99636
18814.000  0.993644
18816.000  0.995193
18818.000  0.992853
18820.000  0.982677
18822.000  0.990692
18824.000  0.996591
18826.000  0.996898
18828.000  0.996146
18830.000  0.991008
18832.000  0.98616
18834.000  0.98624
18836.000  0.993723
18838.000  0.995757
18840.000  0.978044
18842.000  0.96737
18844.000  0.968425
18846.000  0.963869
18848.000  0.996248
18850.000  0.990016
18852.000  0.982763
18854.000  0.954513
18856.000  0.893602
18858.000  0.93132
18860.000  0.960167
18862.000  0.993284
18864.000  0.998246
18866.000  0.996097
18868.000  0.989548
18870.000  0.980178
18872.000  0.990299
18874.000  0.983281
18876.000  0.992962
18878.000  0.988566
18880.000  0.990842
18882.000  0.977192
18884.000  0.972279
18886.000  0.986905
18888.000  0.995429
18890.000  0.994172
18892.000  0.995983
18894.000  0.993104
18896.000  0.96083
18898.000  0.900184
18900.000  0.973242
18902.000  0.986186
18904.000  0.997657
18906.000  0.985295
18908.000  0.979875
18910.000  0.973912
18912.000  0.985012
18914.000  0.948861
18916.000  0.96352
18918.000  0.972266
18920.000  0.973564
18922.000  0.926914
18924.000  0.97251
18926.000  0.948466
18928.000  0.976394
18930.000  0.97301
18932.000  0.964758
18934.000  0.975718
18936.000  0.984383
18938.000  0.995154
18940.000  0.99139
18942.000  0.956288
18944.000  0.974166
18946.000  0.993154
18948.000  0.994786
18950.000  0.988319
18952.000  0.995819
18954.000  0.99738
18956.000  0.991058
18958.000  0.980648
18960.000  0.993246
18962.000  0.990243
18964.000  0.978793
18966.000  0.993562
18968.000  0.98978
18970.000  0.955341
18972.000  0.986217
18974.000  0.994387
18976.000  0.996551
18978.000  0.998591
18980.000  0.998674
18982.000  0.99741
18984.000  0.989236
18986.000  0.929797
18988.000  0.927608
18990.000  0.993216
18992.000  0.998446
18994.000  0.998019
18996.000  0.997482
18998.000  0.956243
19000.000  0.912923
19002.000  0.98407
19004.000  0.998445
19006.000  0.993778
19008.000  0.995789
19010.000  0.993144
19012.000  0.995743
19014.000  0.997884
19016.000  0.996313
19018.000  0.963045
19020.000  0.963841
19022.000  0.984926
19024.000  0.995003
19026.000  0.993615
19028.000  0.993886
19030.000  0.95366
19032.000  0.967044
19034.000  0.996989
19036.000  0.998276
19038.000  0.997609
19040.000  0.997416
19042.000  0.994428
19044.000  0.987247
19046.000  0.950965
19048.000  0.986748
19050.000  0.999101
19052.000  0.999285
19054.000  0.999204
19056.000  0.998882
19058.000  0.998422
19060.000  0.996851
19062.000  0.997453
19064.000  0.998017
19066.000  0.99736
19068.000  0.997569
19070.000  0.997458
19072.000  0.99568
19074.000  0.995221
19076.000  0.995267
19078.000  0.996003
19080.000  0.969481
19082.000  0.933062
19084.000  0.966592
19086.000  0.96745
19088.000  0.98387
19090.000  0.997735
19092.000  0.98258
19094.000  0.964138
19096.000  0.990618
19098.000  0.991382
19100.000  0.956769
19102.000  0.96246
19104.000  0.971935
19106.000  0.973319
19108.000  0.976454
19110.000  0.961
19112.000  0.95933
19114.000  0.902403
19116.000  0.978721
19118.000  0.996556
19120.000  0.998461
19122.000  0.996369
19124.000  0.995914
19126.000  0.997405
19128.000  0.997666
19130.000  0.993285
19132.000  0.994106
19134.000  0.997586
19136.000  0.995901
19138.000  0.995598
19140.000  0.997483
19142.000  0.996323
19144.000  0.99787
19146.000  0.997214
19148.000  0.997485
19150.000  0.997252
19152.000  0.990717
19154.000  0.992747
19156.000  0.983721
19158.000  0.98413
19160.000  0.990768
19162.000  0.989873
19164.000  0.992363
19166.000  0.993673
19168.000  0.996086
19170.000  0.995633
19172.000  0.993578
19174.000  0.989124
19176.000  0.984582
19178.000  0.994161
19180.000  0.995108
19182.000  0.994141
19184.000  0.996084
19186.000  0.995343
19188.000  0.986808
19190.000  0.993531
19192.000  0.980104
19194.000  0.893146
19196.000  0.965541
19198.000  0.994825
19200.000  0.996426
19202.000  0.998658
19204.000  0.997134
19206.000  0.996232
19208.000  0.992784
19210.000  0.99409
19212.000  0.996262
19214.000  0.997512
19216.000  0.997321
19218.000  0.988752
19220.000  0.982569
19222.000  0.996162
19224.000  0.999157
19226.000  0.999359
19228.000  0.999121
19230.000  0.998297
19232.000  0.998565
19234.000  0.997871
19236.000  0.997809
19238.000  0.9972
19240.000  0.993822
19242.000  0.996395
19244.000  0.990516
19246.000  0.990512
19248.000  0.996651
19250.000  0.995661
19252.000  0.996943
19254.000  0.981577
19256.000  0.988391
19258.000  0.995363
19260.000  0.966876
19262.000  0.985515
19264.000  0.99774
19266.000  0.997475
19268.000  0.993796
19270.000  0.997069
19272.000  0.997611
19274.000  0.997185
19276.000  0.997381
19278.000  0.989218
19280.000  0.976596
19282.000  0.966757
19284.000  0.951735
19286.000  0.99531
19288.000  0.998027
19290.000  0.985946
19292.000  0.980971
19294.000  0.973663
19296.000  0.986995
19298.000  0.98366
19300.000  0.979984
19302.000  0.978951
19304.000  0.973126
19306.000  0.979608
19308.000  0.892256
19310.000  0.830573
19312.000  0.967838
19314.000  0.981188
19316.000  0.972652
19318.000  0.989026
19320.000  0.97988
19322.000  0.992346
19324.000  0.997717
19326.000  0.995658
19328.000  0.991964
19330.000  0.996349
19332.000  0.996929
19334.000  0.977211
19336.000  0.948919
19338.000  0.987921
19340.000  0.990509
19342.000  0.967802
19344.000  0.977613
19346.000  0.989747
19348.000  0.997455
19350.000  0.996413
19352.000  0.991879
19354.000  0.986244
19356.000  0.99551
19358.000  0.998112
19360.000  0.995888
19362.000  0.996398
19364.000  0.991698
19366.000  0.995299
19368.000  0.996969
19370.000  0.994366
19372.000  0.997592
19374.000  0.997796
19376.000  0.990343
19378.000  0.993734
19380.000  0.992251
19382.000  0.984425
19384.000  0.964987
19386.000  0.931048
19388.000  0.975694
19390.000  0.982459
19392.000  0.982868
19394.000  0.976928
19396.000  0.990617
19398.000  0.993824
19400.000  0.990335
19402.000  0.984533
19404.000  0.978239
19406.000  0.977709
19408.000  0.979846
19410.000  0.981535
19412.000  0.974394
19414.000  0.987563
19416.000  0.98641
19418.000  0.976175
19420.000  0.983359
19422.000  0.9855
19424.000  0.968646
19426.000  0.956871
19428.000  0.978723
19430.000  0.946
19432.000  0.915785
19434.000  0.92454
19436.000  0.968053
19438.000  0.970417
19440.000  0.965411
19442.000  0.959879
19444.000  0.918837
19446.000  0.882395
19448.000  0.928546
19450.000  0.936202
19452.000  0.81514
19454.000  0.834036
19456.000  0.968998
19458.000  0.976885
19460.000  0.987855
19462.000  0.977738
19464.000  0.986545
19466.000  0.985763
19468.000  0.974477
19470.000  0.978396
19472.000  0.987694
19474.000  0.98477
19476.000  0.977914
19478.000  0.987761
19480.000  0.966071
19482.000  0.971907
19484.000  0.992549
19486.000  0.994866
19488.000  0.984182
19490.000  0.978682
19492.000  0.939145
19494.000  0.92752
19496.000  0.975469
19498.000  0.980429
19500.000  0.989752
19502.000  0.986884
19504.000  0.927013
19506.000  0.795946
19508.000  0.901934
19510.000  0.959643
19512.000  0.955106
19514.000  0.955348
19516.000  0.962661
19518.000  0.970225
19520.000  0.973619
19522.000  0.980844
19524.000  0.97586
19526.000  0.985756
19528.000  0.981266
19530.000  0.983924
19532.000  0.974925
19534.000  0.963564
19536.000  0.970872
19538.000  0.964679
19540.000  0.987682
19542.000  0.982671
19544.000  0.9827
19546.000  0.987965
19548.000  0.996427
19550.000  0.980185
19552.000  0.979622
19554.000  0.979637
19556.000  0.962363
19558.000  0.989423
19560.000  0.989638
19562.000  0.995779
19564.000  0.989972
19566.000  0.990265
19568.000  0.981695
19570.000  0.98068
19572.000  0.992019
19574.000  0.99174
19576.000  0.979096
19578.000  0.988716
19580.000  0.994605
19582.000  0.980342
19584.000  0.940705
19586.000  0.91625
19588.000  0.982542
19590.000  0.993351
19592.000  0.964447
19594.000  0.974317
19596.000  0.980809
19598.000  0.981245
19600.000  0.975466
19602.000  0.994341
19604.000  0.986102
19606.000  0.984641
19608.000  0.995337
19610.000  0.975195
19612.000  0.961722
19614.000  0.95262
19616.000  0.980764
19618.000  0.981665
19620.000  0.994525
19622.000  0.981347
19624.000  0.944727
19626.000  0.926831
19628.000  0.967293
19630.000  0.981209
19632.000  0.985198
19634.000  0.953879
19636.000  0.944169
19638.000  0.977561
19640.000  0.978155
19642.000  0.982346
19644.000  0.975676
19646.000  0.983905
19648.000  0.97547
19650.000  0.985424
19652.000  0.980562
19654.000  0.991067
19656.000  0.993527
19658.000  0.986612
19660.000  0.983475
19662.000  0.9876
19664.000  0.986349
19666.000  0.981466
19668.000  0.98772
19670.000  0.981168
19672.000  0.967011
19674.000  0.971308
19676.000  0.985585
19678.000  0.992146
19680.000  0.975415
19682.000  0.985136
19684.000  0.968225
19686.000  0.962266
19688.000  0.990801
19690.000  0.980781
19692.000  0.988804
19694.000  0.973348
19696.000  0.98127
19698.000  0.989463
19700.000  0.967209
19702.000  0.966991
19704.000  0.992215
19706.000  0.994144
19708.000  0.983265
19710.000  0.868526
19712.000  0.821984
19714.000  0.940052
19716.000  0.969577
19718.000  0.968813
19720.000  0.972492
19722.000  0.884373
19724.000  0.914541
19726.000  0.986128
19728.000  0.965828
19730.000  0.965273
19732.000  0.963449
19734.000  0.930743
19736.000  0.970632
19738.000  0.962002
19740.000  0.961857
19742.000  0.972539
19744.000  0.983399
19746.000  0.979172
19748.000  0.971837
19750.000  0.979301
19752.000  0.959657
19754.000  0.976605
19756.000  0.9657
19758.000  0.970353
19760.000  0.987487
19762.000  0.980839
19764.000  0.984851
19766.000  0.977598
19768.000  0.971843
19770.000  0.948294
19772.000  0.948953
19774.000  0.948541
19776.000  0.756281
19778.000  0.793192
19780.000  0.961343
19782.000  0.989819
19784.000  0.996069
19786.000  0.980467
19788.000  0.972407
19790.000  0.976046
19792.000  0.896369
19794.000  0.966549
19796.000  0.987785
19798.000  0.984238
19800.000  0.983939
19802.000  0.979031
19804.000  0.971066
19806.000  0.980243
19808.000  0.990807
19810.000  0.997972
19812.000  0.996509
19814.000  0.969089
19816.000  0.958042
19818.000  0.968953
19820.000  0.971986
19822.000  0.980004
19824.000  0.980299
19826.000  0.987802
19828.000  0.988298
19830.000  0.995588
19832.000  0.98355
19834.000  0.985979
19836.000  0.996628
19838.000  0.984011
19840.000  0.973221
19842.000  0.988765
19844.000  0.994721
19846.000  0.981085
19848.000  0.972546
19850.000  0.95378
19852.000  0.905209
19854.000  0.913554
19856.000  0.992768
19858.000  0.994895
19860.000  0.958977
19862.000  0.826687
19864.000  0.926779
19866.000  0.979363
19868.000  0.982235
19870.000  0.987339
19872.000  0.986539
19874.000  0.989085
19876.000  0.985394
19878.000  0.992205
19880.000  0.980835
19882.000  0.961266
19884.000  0.970542
19886.000  0.973225
19888.000  0.98537
19890.000  0.982937
19892.000  0.98199
19894.000  0.987059
19896.000  0.983865
19898.000  0.985579
19900.000  0.992408
19902.000  0.983462
19904.000  0.987726
19906.000  0.990961
19908.000  0.993642
19910.000  0.988635
19912.000  0.973408
19914.000  0.970093
19916.000  0.949587
19918.000  0.91394
19920.000  0.967503
19922.000  0.969795
19924.000  0.967291
19926.000  0.965738
19928.000  0.945844
19930.000  0.963736
19932.000  0.961558
19934.000  0.896204
19936.000  0.982033
19938.000  0.998093
19940.000  0.988293
19942.000  0.987425
19944.000  0.981021
19946.000  0.962349
19948.000  0.97324
19950.000  0.966558
19952.000  0.984123
19954.000  0.978485
19956.000  0.967201
19958.000  0.986627
19960.000  0.974923
19962.000  0.929954
19964.000  0.986913
19966.000  0.998507
19968.000  0.990505
19970.000  0.960161
19972.000  0.946503
19974.000  0.937918
19976.000  0.952752
19978.000  0.937162
19980.000  0.966463
19982.000  0.972847
19984.000  0.996877
19986.000  0.9945
19988.000  0.98357
19990.000  0.986702
19992.000  0.969431
19994.000  0.98032
19996.000  0.983539
19998.000  0.975076
20000.000  0.974042
20002.000  0.980639
20004.000  0.975584
20006.000  0.97641
20008.000  0.962193
20010.000  0.96576
20012.000  0.96812
20014.000  0.983235
20016.000  0.986705
20018.000  0.994032
20020.000  0.977955
20022.000  0.975381
20024.000  0.949014
20026.000  0.951419
20028.000  0.965866
20030.000  0.969757
20032.000  0.966586
20034.000  0.969586
20036.000  0.972804
20038.000  0.98563
20040.000  0.988186
20042.000  0.98974
20044.000  0.994259
20046.000  0.993933
20048.000  0.985201
20050.000  0.956845
20052.000  0.951857
20054.000  0.952713
20056.000  0.970839
20058.000  0.984508
20060.000  0.990313
20062.000  0.99213
20064.000  0.992603
20066.000  0.990322
20068.000  0.990436
20070.000  0.961696
20072.000  0.971034
20074.000  0.980018
20076.000  0.983305
20078.000  0.977718
20080.000  0.97739
20082.000  0.986389
20084.000  0.981951
20086.000  0.97775
20088.000  0.970514
20090.000  0.979247
20092.000  0.975435
20094.000  0.971104
20096.000  0.987238
20098.000  0.989308
20100.000  0.995562
20102.000  0.98873
20104.000  0.98568
20106.000  0.990151
20108.000  0.989829
20110.000  0.968073
20112.000  0.970488
20114.000  0.98707
20116.000  0.995859
20118.000  0.986007
20120.000  0.971193
20122.000  0.987686
20124.000  0.972287
20126.000  0.973709
20128.000  0.989155
20130.000  0.963526
20132.000  0.978948
20134.000  0.987005
20136.000  0.972412
20138.000  0.991054
20140.000  0.997629
20142.000  0.991739
20144.000  0.993141
20146.000  0.982073
20148.000  0.987898
20150.000  0.99371
20152.000  0.973912
20154.000  0.974628
20156.000  0.985273
20158.000  0.977509
20160.000  0.993011
20162.000  0.99521
20164.000  0.973105
20166.000  0.965836
20168.000  0.960555
20170.000  0.928135
20172.000  0.971156
20174.000  0.978039
20176.000  0.990141
20178.000  0.982319
20180.000  0.965838
20182.000  0.98493
20184.000  0.967458
20186.000  0.965466
20188.000  0.970261
20190.000  0.979331
20192.000  0.988784
20194.000  0.982363
20196.000  0.974608
20198.000  0.962472
20200.000  0.976184
20202.000  0.981476
20204.000  0.969737
20206.000  0.943611
20208.000  0.943497
20210.000  0.932125
20212.000  0.959735
20214.000  0.973044
20216.000  0.97106
20218.000  0.968855
20220.000  0.983856
20222.000  0.984648
20224.000  0.979619
20226.000  0.981836
20228.000  0.98491
20230.000  0.984256
20232.000  0.987914
20234.000  0.989237
20236.000  0.98711
20238.000  0.955683
20240.000  0.837337
20242.000  0.820992
20244.000  0.961588
20246.000  0.985209
20248.000  0.976392
20250.000  0.963595
20252.000  0.977571
20254.000  0.979724
20256.000  0.96386
20258.000  0.982755
20260.000  0.99547
20262.000  0.988004
20264.000  0.959848
20266.000  0.973878
20268.000  0.991632
20270.000  0.986386
20272.000  0.975432
20274.000  0.986327
20276.000  0.987761
20278.000  0.979088
20280.000  0.957988
20282.000  0.942726
20284.000  0.960504
20286.000  0.961784
20288.000  0.960375
20290.000  0.971539
20292.000  0.977278
20294.000  0.951041
20296.000  0.917098
20298.000  0.949004
20300.000  0.95882
20302.000  0.928475
20304.000  0.976089
20306.000  0.986487
20308.000  0.986108
20310.000  0.987853
20312.000  0.9745
20314.000  0.964621
20316.000  0.97153
20318.000  0.966032
20320.000  0.968564
20322.000  0.98623
20324.000  0.984233
20326.000  0.978928
20328.000  0.982697
20330.000  0.986824
20332.000  0.978226
20334.000  0.966897
20336.000  0.976136
20338.000  0.962744
20340.000  0.976323
20342.000  0.962797
20344.000  0.907322
20346.000  0.950273
20348.000  0.974731
20350.000  0.944847
20352.000  0.962948
20354.000  0.974948
20356.000  0.99736
20358.000  0.99161
20360.000  0.992762
20362.000  0.990135
20364.000  0.972546
20366.000  0.975527
20368.000  0.974822
20370.000  0.975378
20372.000  0.973696
20374.000  0.965628
20376.000  0.961845
20378.000  0.941584
20380.000  0.967394
20382.000  0.95168
20384.000  0.964008
20386.000  0.966205
20388.000  0.990923
20390.000  0.980091
20392.000  0.974613
20394.000  0.975846
20396.000  0.97042
20398.000  0.988178
20400.000  0.986273
20402.000  0.981425
20404.000  0.979117
20406.000  0.965875
20408.000  0.980948
20410.000  0.979978
20412.000  0.965861
20414.000  0.972231
20416.000  0.984368
20418.000  0.972102
20420.000  0.966611
20422.000  0.984565
20424.000  0.970939
20426.000  0.980324
20428.000  0.982103
20430.000  0.982802
20432.000  0.982378
20434.000  0.980663
20436.000  0.977762
20438.000  0.97349
20440.000  0.964775
20442.000  0.955257
20444.000  0.973828
20446.000  0.971003
20448.000  0.982142
20450.000  0.984939
20452.000  0.970683
20454.000  0.97555
20456.000  0.982039
20458.000  0.972881
20460.000  0.990839
20462.000  0.981277
20464.000  0.986194
20466.000  0.986212
20468.000  0.959851
20470.000  0.957686
20472.000  0.969578
20474.000  0.981036
20476.000  0.985126
20478.000  0.985152
20480.000  0.974494
20482.000  0.969748
20484.000  0.977512
20486.000  0.99186
20488.000  0.982278
20490.000  0.960433
20492.000  0.975074
20494.000  0.986745
20496.000  0.981681
20498.000  0.981536
20500.000  0.987197
20502.000  0.967339
20504.000  0.966502
20506.000  0.969863
20508.000  0.983364
20510.000  0.983459
20512.000  0.983499
20514.000  0.991802
20516.000  0.982416
20518.000  0.990675
20520.000  0.970271
20522.000  0.935827
20524.000  0.971459
20526.000  0.976811
20528.000  0.970595
20530.000  0.972216
20532.000  0.979806
20534.000  0.968626
20536.000  0.983888
20538.000  0.96043
20540.000  0.965774
20542.000  0.963071
20544.000  0.976194
20546.000  0.982281
20548.000  0.963628
20550.000  0.978808
20552.000  0.986519
20554.000  0.964163
20556.000  0.964393
20558.000  0.971062
20560.000  0.971168
20562.000  0.966001
20564.000  0.958742
20566.000  0.978671
20568.000  0.985171
20570.000  0.981651
20572.000  0.978842
20574.000  0.986197
20576.000  0.969927
20578.000  0.972062
20580.000  0.972673
20582.000  0.943897
20584.000  0.931601
20586.000  0.961384
20588.000  0.973854
20590.000  0.986962
20592.000  0.992518
20594.000  0.969526
20596.000  0.955565
20598.000  0.963098
20600.000  0.968522
20602.000  0.948573
20604.000  0.960263
20606.000  0.971283
20608.000  0.960856
20610.000  0.981725
20612.000  0.984824
20614.000  0.984067
20616.000  0.98365
20618.000  0.985666
20620.000  0.982761
20622.000  0.996866
20624.000  0.99869
20626.000  0.960254
20628.000  0.877802
20630.000  0.906885
20632.000  0.839364
20634.000  0.945405
20636.000  0.967295
20638.000  0.96262
20640.000  0.96185
20642.000  0.965057
20644.000  0.974301
20646.000  0.982454
20648.000  0.980092
20650.000  0.971158
20652.000  0.978402
20654.000  0.992423
20656.000  0.984129
20658.000  0.976811
20660.000  0.991692
20662.000  0.996933
20664.000  0.992376
20666.000  0.975888
20668.000  0.959008
20670.000  0.969277
20672.000  0.991796
20674.000  0.991924
20676.000  0.977454
20678.000  0.991721
20680.000  0.990528
20682.000  0.982186
20684.000  0.974806
20686.000  0.983464
20688.000  0.987731
20690.000  0.985672
20692.000  0.96315
20694.000  0.956008
20696.000  0.961071
20698.000  0.903582
20700.000  0.934951
20702.000  0.952217
20704.000  0.967535
20706.000  0.980349
20708.000  0.979568
20710.000  0.981656
20712.000  0.965438
20714.000  0.97026
20716.000  0.968525
20718.000  0.970421
20720.000  0.993498
20722.000  0.98146
20724.000  0.979535
20726.000  0.990557
20728.000  0.997215
20730.000  0.992138
20732.000  0.979339
20734.000  0.968071
20736.000  0.969673
20738.000  0.970978
20740.000  0.976043
20742.000  0.965778
20744.000  0.972638
20746.000  0.98706
20748.000  0.986299
20750.000  0.976532
20752.000  0.977362
20754.000  0.980355
20756.000  0.987618
20758.000  0.992027
20760.000  0.984401
20762.000  0.962696
20764.000  0.984136
20766.000  0.988505
20768.000  0.972371
20770.000  0.988518
20772.000  0.979513
20774.000  0.965534
20776.000  0.984369
20778.000  0.978291
20780.000  0.979034
20782.000  0.984647
20784.000  0.994359
20786.000  0.981473
20788.000  0.945209
20790.000  0.980542
20792.000  0.97821
20794.000  0.982958
20796.000  0.981686
20798.000  0.95825
20800.000  0.941738
20802.000  0.973579
20804.000  0.966571
20806.000  0.969568
20808.000  0.970577
20810.000  0.971425
20812.000  0.97496
20814.000  0.970564
20816.000  0.972839
20818.000  0.969888
20820.000  0.95057
20822.000  0.978198
20824.000  0.980034
20826.000  0.972834
20828.000  0.96361
20830.000  0.984166
20832.000  0.96384
20834.000  0.944827
20836.000  0.989247
20838.000  0.995227
20840.000  0.959004
20842.000  0.959872
20844.000  0.975385
20846.000  0.979569
20848.000  0.978513
20850.000  0.976888
20852.000  0.980718
20854.000  0.982793
20856.000  0.989849
20858.000  0.997219
20860.000  0.981257
20862.000  0.978835
20864.000  0.982638
20866.000  0.97838
20868.000  0.981809
20870.000  0.98908
20872.000  0.987749
20874.000  0.977428
20876.000  0.9658
20878.000  0.969383
20880.000  0.975827
20882.000  0.973999
20884.000  0.98225
20886.000  0.952715
20888.000  0.958087
20890.000  0.97338
20892.000  0.982075
20894.000  0.995129
20896.000  0.992562
20898.000  0.987157
20900.000  0.984035
20902.000  0.965949
20904.000  0.958226
20906.000  0.957943
20908.000  0.971848
20910.000  0.984664
20912.000  0.983327
20914.000  0.985511
20916.000  0.942745
20918.000  0.929893
20920.000  0.986613
20922.000  0.980863
20924.000  0.983854
20926.000  0.96411
20928.000  0.958856
20930.000  0.964701
20932.000  0.991605
20934.000  0.991548
20936.000  0.988123
20938.000  0.965702
20940.000  0.983634
20942.000  0.993044
20944.000  0.981687
20946.000  0.988461
20948.000  0.97016
20950.000  0.970397
20952.000  0.964541
20954.000  0.962945
20956.000  0.962189
20958.000  0.973538
20960.000  0.985394
20962.000  0.948618
20964.000  0.963168
20966.000  0.992837
20968.000  0.994549
20970.000  0.966481
20972.000  0.928716
20974.000  0.957363
20976.000  0.993122
20978.000  0.996968
20980.000  0.997127
20982.000  0.988687
20984.000  0.979158
20986.000  0.983566
20988.000  0.983668
20990.000  0.968006
20992.000  0.969566
20994.000  0.979761
20996.000  0.976565
20998.000  0.988963
21000.000  0.993113
21002.000  0.997453
21004.000  0.988169
21006.000  0.959699
21008.000  0.968993
21010.000  0.966671
21012.000  0.963972
21014.000  0.96874
21016.000  0.975335
21018.000  0.986965
21020.000  0.980353
21022.000  0.973136
21024.000  0.970621
21026.000  0.989229
21028.000  0.986943
21030.000  0.98574
21032.000  0.976186
21034.000  0.981744
21036.000  0.989272
21038.000  0.994186
21040.000  0.98616
21042.000  0.970318
21044.000  0.972122
21046.000  0.974732
21048.000  0.989136
21050.000  0.979132
21052.000  0.979747
21054.000  0.987192
21056.000  0.977798
21058.000  0.980709
21060.000  0.981207
21062.000  0.975434
21064.000  0.957828
21066.000  0.923705
21068.000  0.972266
21070.000  0.968768
21072.000  0.966205
21074.000  0.974129
21076.000  0.979778
21078.000  0.978877
21080.000  0.976076
21082.000  0.974291
21084.000  0.972641
21086.000  0.97532
21088.000  0.979564
21090.000  0.971482
21092.000  0.91849
21094.000  0.922011
21096.000  0.974452
21098.000  0.983662
21100.000  0.98542
21102.000  0.986113
21104.000  0.977953
21106.000  0.976635
21108.000  0.972701
21110.000  0.973923
21112.000  0.971072
21114.000  0.970286
21116.000  0.992703
21118.000  0.981865
21120.000  0.970095
21122.000  0.98139
21124.000  0.962814
21126.000  0.978939
21128.000  0.979396
21130.000  0.981824
21132.000  0.987263
21134.000  0.986715
21136.000  0.988095
21138.000  0.98495
21140.000  0.959242
21142.000  0.976289
21144.000  0.982279
21146.000  0.976194
21148.000  0.973471
21150.000  0.980841
21152.000  0.982351
21154.000  0.970875
21156.000  0.965386
21158.000  0.983383
21160.000  0.972385
21162.000  0.940795
21164.000  0.876392
21166.000  0.965519
21168.000  0.979698
21170.000  0.990145
21172.000  0.987699
21174.000  0.981835
21176.000  0.986879
21178.000  0.953379
21180.000  0.972225
21182.000  0.989794
21184.000  0.991484
21186.000  0.984837
21188.000  0.987277
21190.000  0.979038
21192.000  0.963909
21194.000  0.962464
21196.000  0.954611
21198.000  0.980335
21200.000  0.980174
21202.000  0.970054
21204.000  0.969042
21206.000  0.971059
21208.000  0.977319
21210.000  0.974344
21212.000  0.968576
21214.000  0.98301
21216.000  0.985592
21218.000  0.984638
21220.000  0.986559
21222.000  0.986302
21224.000  0.981508
21226.000  0.957552
21228.000  0.984123
21230.000  0.994656
21232.000  0.965316
21234.000  0.944819
21236.000  0.986601
21238.000  0.961621
21240.000  0.978179
21242.000  0.98963
21244.000  0.96119
21246.000  0.957437
21248.000  0.97318
21250.000  0.981686
21252.000  0.991707
21254.000  0.984412
21256.000  0.986894
21258.000  0.980254
21260.000  0.940651
21262.000  0.965009
21264.000  0.989117
21266.000  0.973115
21268.000  0.975752
21270.000  0.991737
21272.000  0.99143
21274.000  0.979099
21276.000  0.972951
21278.000  0.979797
21280.000  0.980033
21282.000  0.979339
21284.000  0.959393
21286.000  0.974068
21288.000  0.979136
21290.000  0.968627
21292.000  0.98166
21294.000  0.991645
21296.000  0.973316
21298.000  0.970873
21300.000  0.982771
21302.000  0.995141
21304.000  0.99286
21306.000  0.987676
21308.000  0.968655
21310.000  0.956366
21312.000  0.986258
21314.000  0.986463
21316.000  0.985677
21318.000  0.975551
21320.000  0.977048
21322.000  0.984681
21324.000  0.981444
21326.000  0.985441
21328.000  0.986062
21330.000  0.992962
21332.000  0.972598
21334.000  0.981353
21336.000  0.983361
21338.000  0.96595
21340.000  0.969723
21342.000  0.982619
21344.000  0.978258
21346.000  0.979267
21348.000  0.984571
21350.000  0.96288
21352.000  0.960291
21354.000  0.90512
21356.000  0.946643
21358.000  0.989352
21360.000  0.993034
21362.000  0.978524
21364.000  0.976727
21366.000  0.987985
21368.000  0.982784
21370.000  0.988364
21372.000  0.980757
21374.000  0.979334
21376.000  0.982695
21378.000  0.986318
21380.000  0.981919
21382.000  0.986212
21384.000  0.984565
21386.000  0.977738
21388.000  0.983675
21390.000  0.980527
21392.000  0.984502
21394.000  0.98584
21396.000  0.974813
21398.000  0.967226
21400.000  0.982396
21402.000  0.991261
21404.000  0.980173
21406.000  0.974545
21408.000  0.987493
21410.000  0.99462
21412.000  0.97923
21414.000  0.974535
21416.000  0.977083
21418.000  0.978501
21420.000  0.981411
21422.000  0.991625
21424.000  0.988065
21426.000  0.981225
21428.000  0.982212
21430.000  0.991277
21432.000  0.989676
21434.000  0.983124
21436.000  0.976733
21438.000  0.977653
21440.000  0.982206
21442.000  0.988645
21444.000  0.988411
21446.000  0.991549
21448.000  0.98229
21450.000  0.973788
21452.000  0.949947
21454.000  0.958687
21456.000  0.969669
21458.000  0.969322
21460.000  0.967811
21462.000  0.980774
21464.000  0.972518
21466.000  0.983476
21468.000  0.987684
21470.000  0.983561
21472.000  0.97685
21474.000  0.983831
21476.000  0.986084
21478.000  0.984312
21480.000  0.986842
21482.000  0.986301
21484.000  0.962736
21486.000  0.94936
21488.000  0.962428
21490.000  0.98196
21492.000  0.98841
21494.000  0.990953
21496.000  0.99346
21498.000  0.988341
21500.000  0.989883
21502.000  0.988637
21504.000  0.989009
21506.000  0.984329
21508.000  0.982861
21510.000  0.983402
21512.000  0.988208
21514.000  0.980058
21516.000  0.971324
21518.000  0.981849
21520.000  0.979847
21522.000  0.967078
21524.000  0.97237
21526.000  0.977844
21528.000  0.979734
21530.000  0.988887
21532.000  0.986749
21534.000  0.977595
21536.000  0.977807
21538.000  0.974328
21540.000  0.967926
21542.000  0.968863
21544.000  0.969829
21546.000  0.992722
21548.000  0.987388
21550.000  0.98688
21552.000  0.990904
21554.000  0.994859
21556.000  0.983572
21558.000  0.98013
21560.000  0.987428
21562.000  0.981488
21564.000  0.951016
21566.000  0.975848
21568.000  0.995234
21570.000  0.991443
21572.000  0.983408
21574.000  0.96654
21576.000  0.975979
21578.000  0.981418
21580.000  0.984325
21582.000  0.979115
21584.000  0.979343
21586.000  0.967181
21588.000  0.983276
21590.000  0.986004
21592.000  0.977809
21594.000  0.961631
21596.000  0.968893
21598.000  0.978153
21600.000  0.988951
21602.000  0.984799
21604.000  0.984664
21606.000  0.983792
21608.000  0.988276
21610.000  0.993582
21612.000  0.984917
21614.000  0.975854
21616.000  0.987205
21618.000  0.991365
21620.000  0.989014
21622.000  0.980263
21624.000  0.993278
21626.000  0.993528
21628.000  0.976525
21630.000  0.976486
21632.000  0.985744
21634.000  0.969974
21636.000  0.973078
21638.000  0.970201
21640.000  0.961479
21642.000  0.979758
21644.000  0.974945
21646.000  0.970129
21648.000  0.960114
21650.000  0.962717
21652.000  0.94989
21654.000  0.906962
21656.000  0.901011
21658.000  0.936598
21660.000  0.95544
21662.000  0.971499
21664.000  0.982118
21666.000  0.977679
21668.000  0.962889
21670.000  0.957403
21672.000  0.969233
21674.000  0.965106
21676.000  0.977602
21678.000  0.979944
21680.000  0.98678
21682.000  0.990458
21684.000  0.992809
21686.000  0.988937
21688.000  0.992433
21690.000  0.989798
21692.000  0.986279
21694.000  0.985689
21696.000  0.985808
21698.000  0.98059
21700.000  0.985912
21702.000  0.979332
21704.000  0.968063
21706.000  0.95974
21708.000  0.959432
21710.000  0.987562
21712.000  0.992493
21714.000  0.965743
21716.000  0.976259
21718.000  0.985831
21720.000  0.993465
21722.000  0.987615
21724.000  0.978155
21726.000  0.977908
21728.000  0.967886
21730.000  0.832489
21732.000  0.923356
21734.000  0.982211
21736.000  0.978925
21738.000  0.988683
21740.000  0.986731
21742.000  0.985251
21744.000  0.98923
21746.000  0.989528
21748.000  0.987402
21750.000  0.979989
21752.000  0.989829
21754.000  0.981064
21756.000  0.970239
21758.000  0.968823
21760.000  0.948374
21762.000  0.963864
21764.000  0.989362
21766.000  0.974676
21768.000  0.964207
21770.000  0.976539
21772.000  0.982291
21774.000  0.983474
21776.000  0.989125
21778.000  0.969828
21780.000  0.915593
21782.000  0.900146
21784.000  0.938353
21786.000  0.984889
21788.000  0.977091
21790.000  0.982189
21792.000  0.988677
21794.000  0.96754
21796.000  0.98297
21798.000  0.994891
21800.000  0.993834
21802.000  0.987199
21804.000  0.983817
21806.000  0.979733
21808.000  0.98543
21810.000  0.961246
21812.000  0.875926
21814.000  0.956532
21816.000  0.958563
21818.000  0.951076
21820.000  0.928975
21822.000  0.978879
21824.000  0.984769
21826.000  0.978022
21828.000  0.988191
21830.000  0.994418
21832.000  0.989692
21834.000  0.979944
21836.000  0.980962
21838.000  0.97971
21840.000  0.973935
21842.000  0.967135
21844.000  0.979135
21846.000  0.988481
21848.000  0.98138
21850.000  0.987092
21852.000  0.978375
21854.000  0.977525
21856.000  0.98307
21858.000  0.987071
21860.000  0.992818
21862.000  0.978968
21864.000  0.976157
21866.000  0.982839
21868.000  0.99197
21870.000  0.986574
21872.000  0.981198
21874.000  0.969357
21876.000  0.978398
21878.000  0.939483
21880.000  0.927096
21882.000  0.986284
21884.000  0.986734
21886.000  0.992164
21888.000  0.994948
21890.000  0.985432
21892.000  0.986456
21894.000  0.963804
21896.000  0.92435
21898.000  0.927165
21900.000  0.985361
21902.000  0.985383
21904.000  0.980326
21906.000  0.97486
21908.000  0.98215
21910.000  0.98328
21912.000  0.995028
21914.000  0.991908
21916.000  0.989238
21918.000  0.985752
21920.000  0.98888
21922.000  0.990616
21924.000  0.982072
21926.000  0.980405
21928.000  0.987318
21930.000  0.992216
21932.000  0.984899
21934.000  0.976879
21936.000  0.978748
21938.000  0.986641
21940.000  0.978238
21942.000  0.976135
21944.000  0.988815
21946.000  0.981917
21948.000  0.981913
21950.000  0.984108
21952.000  0.99072
21954.000  0.97891
21956.000  0.985259
21958.000  0.995917
21960.000  0.991308
21962.000  0.98729
21964.000  0.986842
21966.000  0.987485
21968.000  0.988135
21970.000  0.977755
21972.000  0.978078
21974.000  0.979867
21976.000  0.980675
21978.000  0.986183
21980.000  0.981174
21982.000  0.973558
21984.000  0.990085
21986.000  0.988918
21988.000  0.984726
21990.000  0.989755
21992.000  0.990501
21994.000  0.991303
21996.000  0.982678
21998.000  0.989417
22000.000  0.989031
22002.000  0.975829
22004.000  0.920473
22006.000  0.963408
22008.000  0.985518
22010.000  0.985381
22012.000  0.97835
22014.000  0.977494
22016.000  0.985918
22018.000  0.988447
22020.000  0.981754
22022.000  0.982771
22024.000  0.974728
22026.000  0.985199
22028.000  0.985388
22030.000  0.982443
22032.000  0.986106
22034.000  0.994888
22036.000  0.998621
22038.000  0.998626
22040.000  0.991017
22042.000  0.983038
22044.000  0.978953
22046.000  0.985564
22048.000  0.984853
22050.000  0.882517
22052.000  0.655423
22054.000  0.873772
22056.000  0.874157
22058.000  0.936537
22060.000  0.974321
22062.000  0.915232
22064.000  0.777129
22066.000  0.780753
22068.000  0.951309
22070.000  0.983104
22072.000  0.974228
22074.000  0.978062
22076.000  0.985081
22078.000  0.983407
22080.000  0.981144
22082.000  0.949738
22084.000  0.891284
22086.000  0.973517
22088.000  0.979843
22090.000  0.977062
22092.000  0.973715
22094.000  0.98678
22096.000  0.988661
22098.000  0.986078
22100.000  0.978173
22102.000  0.983207
22104.000  0.986416
22106.000  0.985944
22108.000  0.997288
22110.000  0.995848
22112.000  0.979382
22114.000  0.985494
22116.000  0.992097
22118.000  0.983385
22120.000  0.983325
22122.000  0.985479
22124.000  0.991716
22126.000  0.982
22128.000  0.98669
22130.000  0.990952
22132.000  0.992241
22134.000  0.987074
22136.000  0.97822
22138.000  0.979473
22140.000  0.990132
22142.000  0.989004
22144.000  0.986158
22146.000  0.976303
22148.000  0.984763
22150.000  0.986072
22152.000  0.984747
22154.000  0.988549
22156.000  0.977376
22158.000  0.971304
22160.000  0.980472
22162.000  0.989951
22164.000  0.994112
22166.000  0.989179
22168.000  0.990804
22170.000  0.993895
22172.000  0.989247
22174.000  0.994432
22176.000  0.985394
22178.000  0.967567
22180.000  0.986162
22182.000  0.995484
22184.000  0.996441
22186.000  0.992246
22188.000  0.988671
22190.000  0.992424
22192.000  0.986916
22194.000  0.977682
22196.000  0.987569
22198.000  0.983413
22200.000  0.986962
22202.000  0.984499
22204.000  0.98366
22206.000  0.929225
22208.000  0.917316
22210.000  0.925813
22212.000  0.953086
22214.000  0.98806
22216.000  0.979533
22218.000  0.978394
22220.000  0.984366
22222.000  0.995767
22224.000  0.99961
22226.000  0.99693
22228.000  0.983634
22230.000  0.982918
22232.000  0.948511
22234.000  0.945994
22236.000  0.975895
22238.000  0.985538
22240.000  0.991983
22242.000  0.986214
22244.000  0.980844
22246.000  0.986708
22248.000  0.990344
22250.000  0.992581
22252.000  0.983398
22254.000  0.984035
22256.000  0.95831
22258.000  0.947049
22260.000  0.953896
22262.000  0.973619
22264.000  0.976187
22266.000  0.917322
22268.000  0.937884
22270.000  0.985983
22272.000  0.982393
22274.000  0.937652
22276.000  0.960939
22278.000  0.944078
22280.000  0.974095
22282.000  0.988816
22284.000  0.994213
22286.000  0.993423
22288.000  0.988068
22290.000  0.988056
22292.000  0.987918
22294.000  0.978418
22296.000  0.96951
22298.000  0.951678
22300.000  0.976068
22302.000  0.982888
22304.000  0.991606
22306.000  0.987609
22308.000  0.963273
22310.000  0.925673
22312.000  0.970137
22314.000  0.993318
22316.000  0.987341
22318.000  0.989187
22320.000  0.994254
22322.000  0.993791
22324.000  0.993791
22326.000  0.994463
22328.000  0.998502
22330.000  0.995082
22332.000  0.9899
22334.000  0.989623
22336.000  0.987317
22338.000  0.98589
22340.000  0.979594
22342.000  0.980624
22344.000  0.991881
22346.000  0.984284
22348.000  0.979684
22350.000  0.987025
22352.000  0.988064
22354.000  0.98636
22356.000  0.988596
22358.000  0.98552
22360.000  0.978574
22362.000  0.990495
22364.000  0.994736
22366.000  0.99023
22368.000  0.985683
22370.000  0.986732
22372.000  0.98392
22374.000  0.983279
22376.000  0.980814
22378.000  0.979123
22380.000  0.949732
22382.000  0.963163
22384.000  0.977059
22386.000  0.977373
22388.000  0.975236
22390.000  0.927224
22392.000  0.93912
22394.000  0.843879
22396.000  0.918616
22398.000  0.986235
22400.000  0.983023
22402.000  0.988288
22404.000  0.983104
22406.000  0.987839
22408.000  0.990192
22410.000  0.991663
22412.000  0.993538
22414.000  0.981974
22416.000  0.982577
22418.000  0.983568
22420.000  0.96267
22422.000  0.979385
22424.000  0.979854
22426.000  0.980646
22428.000  0.985959
22430.000  0.987304
22432.000  0.98609
22434.000  0.989712
22436.000  0.98973
22438.000  0.989278
22440.000  0.987819
22442.000  0.966074
22444.000  0.946952
22446.000  0.990242
22448.000  0.998845
22450.000  0.995053
22452.000  0.990922
22454.000  0.98541
22456.000  0.98251
22458.000  0.990213
22460.000  0.987037
22462.000  0.981853
22464.000  0.985883
22466.000  0.994947
22468.000  0.986539
22470.000  0.984596
22472.000  0.957904
22474.000  0.944276
22476.000  0.986223
22478.000  0.979332
22480.000  0.983789
22482.000  0.99321
22484.000  0.982561
22486.000  0.987756
22488.000  0.971314
22490.000  0.983646
22492.000  0.984645
22494.000  0.979784
22496.000  0.992333
22498.000  0.990325
22500.000  0.991894
22502.000  0.98662
22504.000  0.985142
22506.000  0.985609
22508.000  0.982457
22510.000  0.989556
22512.000  0.989945
22514.000  0.981938
22516.000  0.986853
22518.000  0.984498
22520.000  0.989516
22522.000  0.986735
22524.000  0.990221
22526.000  0.987699
22528.000  0.994553
22530.000  0.998892
22532.000  0.994262
22534.000  0.979727
22536.000  0.952684
22538.000  0.935125
22540.000  0.982359
22542.000  0.977628
22544.000  0.949777
22546.000  0.982211
22548.000  0.986817
22550.000  0.991178
22552.000  0.97672
22554.000  0.985827
22556.000  0.988487
22558.000  0.992332
22560.000  0.99146
22562.000  0.990662
22564.000  0.979534
22566.000  0.989059
22568.000  0.989648
22570.000  0.983274
22572.000  0.9875
22574.000  0.986304
22576.000  0.989887
22578.000  0.992962
22580.000  0.989681
22582.000  0.991049
22584.000  0.991719
22586.000  0.987826
22588.000  0.992323
22590.000  0.992475
22592.000  0.985102
22594.000  0.98508
22596.000  0.986698
22598.000  0.986872
22600.000  0.992872
22602.000  0.997465
22604.000  0.993507
22606.000  0.98239
22608.000  0.9462
22610.000  0.959877
22612.000  0.969285
22614.000  0.984552
22616.000  0.98059
22618.000  0.967534
22620.000  0.911336
22622.000  0.949725
22624.000  0.96055
22626.000  0.95001
22628.000  0.978968
22630.000  0.984585
22632.000  0.970189
22634.000  0.971429
22636.000  0.897874
22638.000  0.912077
22640.000  0.986605
22642.000  0.988614
22644.000  0.985975
22646.000  0.990555
22648.000  0.993167
22650.000  0.965749
22652.000  0.950533
22654.000  0.969183
22656.000  0.884753
22658.000  0.910452
22660.000  0.98405
22662.000  0.993322
22664.000  0.990982
22666.000  0.984251
22668.000  0.988041
22670.000  0.994286
22672.000  0.990497
22674.000  0.989383
22676.000  0.987312
22678.000  0.988282
22680.000  0.983137
22682.000  0.981792
22684.000  0.981395
22686.000  0.985432
22688.000  0.993026
22690.000  0.989665
22692.000  0.981729
22694.000  0.994737
22696.000  0.987847
22698.000  0.986601
22700.000  0.980695
22702.000  0.981968
22704.000  0.992804
22706.000  0.992695
22708.000  0.982399
22710.000  0.995402
22712.000  0.990283
22714.000  0.986442
22716.000  0.992656
22718.000  0.988763
22720.000  0.992804
22722.000  0.997335
22724.000  0.996065
22726.000  0.99152
22728.000  0.987716
22730.000  0.987605
22732.000  0.993334
22734.000  0.990627
22736.000  0.990022
22738.000  0.99107
22740.000  0.960277
22742.000  0.980472
22744.000  0.992424
22746.000  0.994587
22748.000  0.982757
22750.000  0.983556
22752.000  0.984067
22754.000  0.981373
22756.000  0.995309
22758.000  0.986821
22760.000  0.976583
22762.000  0.981442
22764.000  0.993422
22766.000  0.997063
22768.000  0.999467
22770.000  0.999004
22772.000  0.993006
22774.000  0.987107
22776.000  0.987815
22778.000  0.994266
22780.000  0.997408
22782.000  0.990475
22784.000  0.985669
22786.000  0.99082
22788.000  0.994202
22790.000  0.987474
22792.000  0.986626
22794.000  0.993654
22796.000  0.99241
22798.000  0.993284
22800.000  0.993157
22802.000  0.993807
22804.000  0.986589
22806.000  0.950846
22808.000  0.861693
22810.000  0.95786
22812.000  0.984794
22814.000  0.991457
22816.000  0.992391
22818.000  0.978726
22820.000  0.952645
22822.000  0.957557
22824.000  0.982718
22826.000  0.985165
22828.000  0.986247
22830.000  0.98976
22832.000  0.963813
22834.000  0.978672
22836.000  0.993073
22838.000  0.994438
22840.000  0.990421
22842.000  0.986727
22844.000  0.98728
22846.000  0.963707
22848.000  0.986007
22850.000  0.987366
22852.000  0.990293
22854.000  0.993853
22856.000  0.986508
22858.000  0.979784
22860.000  0.993152
22862.000  0.993644
22864.000  0.991245
22866.000  0.997161
22868.000  0.990247
22870.000  0.985253
22872.000  0.98512
22874.000  0.993564
22876.000  0.996049
22878.000  0.995475
22880.000  0.988322
22882.000  0.988716
22884.000  0.989149
22886.000  0.995315
22888.000  0.993679
22890.000  0.982445
22892.000  0.987332
22894.000  0.991305
22896.000  0.988071
22898.000  0.985918
22900.000  0.982909
22902.000  0.990705
22904.000  0.99363
22906.000  0.983735
22908.000  0.986555
22910.000  0.994641
22912.000  0.9926
22914.000  0.984637
22916.000  0.98534
22918.000  0.993061
22920.000  0.993603
22922.000  0.990643
22924.000  0.986017
22926.000  0.966774
22928.000  0.781854
22930.000  0.529249
22932.000  0.5715
22934.000  0.634119
22936.000  0.678522
22938.000  0.71284
22940.000  0.72421
22942.000  0.765045
22944.000  0.746125
22946.000  0.805186
22948.000  0.763742
22950.000  0.826004
22952.000  0.764937
22954.000  0.870619
22956.000  0.751651
22958.000  0.886384
22960.000  0.800357
22962.000  0.779258
22964.000  0.845366
22966.000  0.740253
22968.000  0.882815
22970.000  0.907482
22972.000  0.757444
22974.000  0.912795
22976.000  0.92577
22978.000  0.758133
22980.000  0.896898
22982.000  0.95511
22984.000  0.729928
22986.000  0.596397
22988.000  0.879295
22990.000  0.890379
22992.000  0.776022
22994.000  0.945788
22996.000  0.970469
22998.000  0.822599
23000.000  0.825333
23002.000  0.977562
23004.000  0.973867
23006.000  0.82348
23008.000  0.86192
23010.000  0.982063
23012.000  0.979273
23014.000  0.859661
23016.000  0.858777
23018.000  0.981116
23020.000  0.984029
23022.000  0.905219
23024.000  0.830063
23026.000  0.958112
23028.000  0.98216
23030.000  0.960003
23032.000  0.806873
23034.000  0.886397
23036.000  0.978166
23038.000  0.97511
23040.000  0.917533
23042.000  0.779226
23044.000  0.927382
23046.000  0.978073
23048.000  0.979766
23050.000  0.891762
23052.000  0.779095
23054.000  0.93543
23056.000  0.985883
23058.000  0.982589
23060.000  0.912248
23062.000  0.788346
23064.000  0.918339
23066.000  0.980736
23068.000  0.98595
23070.000  0.953132
23072.000  0.812364
23074.000  0.865494
23076.000  0.965841
23078.000  0.981081
23080.000  0.978062
23082.000  0.874998
23084.000  0.829443
23086.000  0.92302
23088.000  0.984661
23090.000  0.985942
23092.000  0.952144
23094.000  0.830634
23096.000  0.875671
23098.000  0.936466
23100.000  0.989372
23102.000  0.989159
23104.000  0.95039
23106.000  0.833288
23108.000  0.904341
23110.000  0.933727
23112.000  0.982773
23114.000  0.991522
23116.000  0.961825
23118.000  0.815843
23120.000  0.823948
23122.000  0.902777
23124.000  0.973537
23126.000  0.989537
23128.000  0.969653
23130.000  0.853767
23132.000  0.887674
23134.000  0.947512
23136.000  0.940162
23138.000  0.986351
23140.000  0.988969
23142.000  0.926432
23144.000  0.814623
23146.000  0.943425
23148.000  0.945655
23150.000  0.949948
23152.000  0.988435
23154.000  0.982323
23156.000  0.880058
23158.000  0.872188
23160.000  0.97416
23162.000  0.947489
23164.000  0.919383
23166.000  0.97484
23168.000  0.977127
23170.000  0.864424
23172.000  0.882684
23174.000  0.963767
23176.000  0.957243
23178.000  0.935857
23180.000  0.978452
23182.000  0.96703
23184.000  0.879732
23186.000  0.880721
23188.000  0.958809
23190.000  0.936283
23192.000  0.925009
23194.000  0.964552
23196.000  0.9899
23198.000  0.923299
23200.000  0.854478
23202.000  0.967449
23204.000  0.98446
23206.000  0.982395
23208.000  0.945763
23210.000  0.976026
23212.000  0.966789
23214.000  0.851444
23216.000  0.904999
23218.000  0.918378
23220.000  0.640735
23222.000  0.491156
23224.000  0.561743
23226.000  0.619574
23228.000  0.645507
23230.000  0.648636
23232.000  0.710669
23234.000  0.714321
23236.000  0.753221
23238.000  0.752218
23240.000  0.779231
23242.000  0.758208
23244.000  0.785341
23246.000  0.673557
23248.000  0.845507
23250.000  0.753489
23252.000  0.823332
23254.000  0.823621
23256.000  0.724362
23258.000  0.861108
23260.000  0.819966
23262.000  0.742947
23264.000  0.916246
23266.000  0.845178
23268.000  0.765035
23270.000  0.924309
23272.000  0.893253
23274.000  0.752112
23276.000  0.866079
23278.000  0.831053
23280.000  0.736897
23282.000  0.802434
23284.000  0.959129
23286.000  0.918507
23288.000  0.757585
23290.000  0.864878
23292.000  0.940357
23294.000  0.862977
23296.000  0.697005
23298.000  0.880493
23300.000  0.975803
23302.000  0.921069
23304.000  0.752422
23306.000  0.869634
23308.000  0.940935
23310.000  0.923825
23312.000  0.75348
23314.000  0.797176
23316.000  0.961869
23318.000  0.977029
23320.000  0.906368
23322.000  0.758632
23324.000  0.923126
23326.000  0.982608
23328.000  0.953514
23330.000  0.784569
23332.000  0.758663
23334.000  0.949376
23336.000  0.983418
23338.000  0.97511
23340.000  0.864399
23342.000  0.833033
23344.000  0.966207
23346.000  0.969997
23348.000  0.836999
23350.000  0.769425
23352.000  0.804717
23354.000  0.961185
23356.000  0.989923
23358.000  0.988475
23360.000  0.931473
23362.000  0.769581
23364.000  0.901301
23366.000  0.942122
23368.000  0.865732
23370.000  0.94469
23372.000  0.845076
23374.000  0.791691
23376.000  0.951873
23378.000  0.916501
23380.000  0.908751
23382.000  0.95154
23384.000  0.797728
23386.000  0.759779
23388.000  0.893381
23390.000  0.968788
23392.000  0.984713
23394.000  0.953281
23396.000  0.810909
23398.000  0.846345
23400.000  0.960075
23402.000  0.961436
23404.000  0.766989
23406.000  0.742392
23408.000  0.782133
23410.000  0.83388
23412.000  0.929437
23414.000  0.986407
23416.000  0.987598
23418.000  0.979027
23420.000  0.876979
23422.000  0.841332
23424.000  0.899938
23426.000  0.889341
23428.000  0.958641
23430.000  0.978131
23432.000  0.940483
23434.000  0.823083
23436.000  0.904747
23438.000  0.924979
23440.000  0.949301
23442.000  0.9471
23444.000  0.976859
23446.000  0.882816
23448.000  0.799277
23450.000  0.928303
23452.000  0.91766
23454.000  0.960633
23456.000  0.99047
23458.000  0.981221
23460.000  0.9096
23462.000  0.830039
23464.000  0.953948
23466.000  0.939368
23468.000  0.944955
23470.000  0.98314
23472.000  0.964852
23474.000  0.917105
23476.000  0.817791
23478.000  0.940307
23480.000  0.973636
23482.000  0.934075
23484.000  0.973305
23486.000  0.982479
23488.000  0.921457
23490.000  0.822639
23492.000  0.888664
23494.000  0.979324
23496.000  0.967543
23498.000  0.926177
23500.000  0.973129
23502.000  0.986964
23504.000  0.930691
23506.000  0.833104
23508.000  0.936885
23510.000  0.905606
23512.000  0.935459
23514.000  0.929199
23516.000  0.909838
23518.000  0.641747
23520.000  0.47963
23522.000  0.527385
23524.000  0.623432
23526.000  0.665655
23528.000  0.690288
23530.000  0.675211
23532.000  0.669031
23534.000  0.714408
23536.000  0.723295
23538.000  0.664038
23540.000  0.797211
23542.000  0.769353
23544.000  0.827471
23546.000  0.787338
23548.000  0.810438
23550.000  0.847773
23552.000  0.736447
23554.000  0.666673
23556.000  0.756161
23558.000  0.788014
23560.000  0.897791
23562.000  0.848124
23564.000  0.765638
23566.000  0.849413
23568.000  0.847313
23570.000  0.754725
23572.000  0.839278
23574.000  0.914447
23576.000  0.812203
23578.000  0.800914
23580.000  0.942513
23582.000  0.895992
23584.000  0.790758
23586.000  0.823235
23588.000  0.829055
23590.000  0.846918
23592.000  0.784691
23594.000  0.875635
23596.000  0.94386
23598.000  0.850997
23600.000  0.749144
23602.000  0.81958
23604.000  0.914999
23606.000  0.816952
23608.000  0.786531
23610.000  0.826368
23612.000  0.967567
23614.000  0.981914
23616.000  0.886662
23618.000  0.772323
23620.000  0.868853
23622.000  0.90719
23624.000  0.759707
23626.000  0.74848
23628.000  0.788676
23630.000  0.95134
23632.000  0.989478
23634.000  0.975788
23636.000  0.840854
23638.000  0.786296
23640.000  0.897718
23642.000  0.86149
23644.000  0.933894
23646.000  0.864327
23648.000  0.697359
23650.000  0.857838
23652.000  0.976523
23654.000  0.985729
23656.000  0.945278
23658.000  0.771871
23660.000  0.78791
23662.000  0.877662
23664.000  0.974671
23666.000  0.980566
23668.000  0.901811
23670.000  0.815026
23672.000  0.900079
23674.000  0.868095
23676.000  0.96797
23678.000  0.972484
23680.000  0.809261
23682.000  0.798066
23684.000  0.943793
23686.000  0.985209
23688.000  0.989785
23690.000  0.973763
23692.000  0.847422
23694.000  0.781702
23696.000  0.934036
23698.000  0.8703
23700.000  0.812433
23702.000  0.911141
23704.000  0.890454
23706.000  0.785849
23708.000  0.935972
23710.000  0.992902
23712.000  0.99294
23714.000  0.989574
23716.000  0.954497
23718.000  0.77449
23720.000  0.75345
23722.000  0.881682
23724.000  0.837451
23726.000  0.935742
23728.000  0.982613
23730.000  0.903935
23732.000  0.818881
23734.000  0.8904
23736.000  0.884946
23738.000  0.913684
23740.000  0.945095
23742.000  0.92926
23744.000  0.871735
23746.000  0.843322
23748.000  0.88575
23750.000  0.839525
23752.000  0.94121
23754.000  0.988444
23756.000  0.981086
23758.000  0.887066
23760.000  0.858546
23762.000  0.929991
23764.000  0.9531
23766.000  0.982554
23768.000  0.97017
23770.000  0.982954
23772.000  0.92418
23774.000  0.825935
23776.000  0.816927
23778.000  0.832407
23780.000  0.961603
23782.000  0.972572
23784.000  0.913889
23786.000  0.946899
23788.000  0.852393
23790.000  0.893512
23792.000  0.952253
23794.000  0.937929
23796.000  0.979347
23798.000  0.99106
23800.000  0.985057
23802.000  0.885204
23804.000  0.739592
23806.000  0.852679
23808.000  0.876017
23810.000  0.824595
23812.000  0.964903
23814.000  0.974191
23816.000  0.973474
23818.000  0.918519
23820.000  0.827519
23822.000  0.763623
23824.000  0.538049
23826.000  0.558815
23828.000  0.574514
23830.000  0.58364
23832.000  0.656539
23834.000  0.709688
23836.000  0.679536
23838.000  0.731187
23840.000  0.77445
23842.000  0.779732
23844.000  0.784966
23846.000  0.793161
23848.000  0.817724
23850.000  0.745048
23852.000  0.664958
23854.000  0.76935
23856.000  0.806318
23858.000  0.759469
23860.000  0.767503
23862.000  0.81402
23864.000  0.858745
23866.000  0.841429
23868.000  0.787156
23870.000  0.77502
23872.000  0.830475
23874.000  0.756942
23876.000  0.874281
23878.000  0.870458
23880.000  0.806003
23882.000  0.882591
23884.000  0.905029
23886.000  0.707647
23888.000  0.69238
23890.000  0.915686
23892.000  0.902515
23894.000  0.858401
23896.000  0.816499
23898.000  0.816694
23900.000  0.862055
23902.000  0.861444
23904.000  0.754775
23906.000  0.857703
23908.000  0.946806
23910.000  0.88345
23912.000  0.828039
23914.000  0.822702
23916.000  0.847234
23918.000  0.870018
23920.000  0.828482
23922.000  0.68689
23924.000  0.788989
23926.000  0.947122
23928.000  0.902809
23930.000  0.833516
23932.000  0.879315
23934.000  0.977757
23936.000  0.967158
23938.000  0.871276
23940.000  0.793665
23942.000  0.752454
23944.000  0.799403
23946.000  0.828568
23948.000  0.832095
23950.000  0.821433
23952.000  0.854975
23954.000  0.960926
23956.000  0.97892
23958.000  0.93853
23960.000  0.823299
23962.000  0.764185
23964.000  0.943095
23966.000  0.988463
23968.000  0.978707
23970.000  0.91935
23972.000  0.689117
23974.000  0.711351
23976.000  0.93945
23978.000  0.961428
23980.000  0.899079
23982.000  0.862505
23984.000  0.796235
23986.000  0.890373
23988.000  0.981883
23990.000  0.969453
23992.000  0.977315
23994.000  0.946434
23996.000  0.753257
23998.000  0.749968
