15000.000  0.955407
15002.000  0.826496
15004.000  0.868833
15006.000  0.915547
15008.000  0.925313
15010.000  0.922925
15012.000  0.886248
15014.000  0.963952
15016.000  0.95779
15018.000  0.942921
15020.000  0.861051
15022.000  0.812428
15024.000  0.727967
15026.000  0.767086
15028.000  0.894894
15030.000  0.894418
15032.000  0.939743
15034.000  0.898825
15036.000  0.93584
15038.000  0.920916
15040.000  0.744303
15042.000  0.879904
15044.000  0.950852
15046.000  0.901705
15048.000  0.774943
15050.000  0.794031
15052.000  0.793454
15054.000  0.904442
15056.000  0.924974
15058.000  0.917184
15060.000  0.911815
15062.000  0.892221
15064.000  0.907391
15066.000  0.942329
15068.000  0.923557
15070.000  0.923712
15072.000  0.943344
15074.000  0.916139
15076.000  0.882871
15078.000  0.849366
15080.000  0.889812
15082.000  0.915303
15084.000  0.837827
15086.000  0.90286
15088.000  0.904152
15090.000  0.886109
15092.000  0.935018
15094.000  0.955967
15096.000  0.946878
15098.000  0.888003
15100.000  0.911545
15102.000  0.943048
15104.000  0.952136
15106.000  0.92942
15108.000  0.920543
15110.000  0.912935
15112.000  0.906589
15114.000  0.917276
15116.000  0.868304
15118.000  0.839035
15120.000  0.91461
15122.000  0.894574
15124.000  0.956365
15126.000  0.968639
15128.000  0.889104
15130.000  0.763695
15132.000  0.863063
15134.000  0.927619
15136.000  0.937266
15138.000  0.924412
15140.000  0.905562
15142.000  0.916516
15144.000  0.872975
15146.000  0.827262
15148.000  0.842832
15150.000  0.928207
15152.000  0.945374
15154.000  0.917017
15156.000  0.899958
15158.000  0.681171
15160.000  0.9002
15162.000  0.908854
15164.000  0.893256
15166.000  0.93298
15168.000  0.914663
15170.000  0.909968
15172.000  0.916792
15174.000  0.926047
15176.000  0.945442
15178.000  0.906084
15180.000  0.86352
15182.000  0.902246
15184.000  0.917055
15186.000  0.912741
15188.000  0.93354
15190.000  0.953748
15192.000  0.922351
15194.000  0.871711
15196.000  0.917627
15198.000  0.935718
15200.000  0.893448
15202.000  0.954446
15204.000  0.946114
15206.000  0.910259
15208.000  0.85958
15210.000  0.89487
15212.000  0.898095
15214.000  0.922541
15216.000  0.880082
15218.000  0.681533
15220.000  0.862071
15222.000  0.91172
15224.000  0.932801
15226.000  0.937473
15228.000  0.912629
15230.000  0.955935
15232.000  0.952125
15234.000  0.960727
15236.000  0.888801
15238.000  0.894913
15240.000  0.945544
15242.000  0.879974
15244.000  0.850323
15246.000  0.887462
15248.000  0.935861
15250.000  0.954094
15252.000  0.909406
15254.000  0.909524
15256.000  0.935763
15258.000  0.943173
15260.000  0.926787
15262.000  0.738343
15264.000  0.770199
15266.000  0.835078
15268.000  0.925503
15270.000  0.949836
15272.000  0.928467
15274.000  0.972161
15276.000  0.909712
15278.000  0.84058
15280.000  0.842923
15282.000  0.850078
15284.000  0.849291
15286.000  0.897822
15288.000  0.945915
15290.000  0.954224
15292.000  0.932827
15294.000  0.84156
15296.000  0.898085
15298.000  0.922481
15300.000  0.941225
15302.000  0.960198
15304.000  0.975825
15306.000  0.943853
15308.000  0.922855
15310.000  0.929483
15312.000  0.937421
15314.000  0.935642
15316.000  0.935503
15318.000  0.885981
15320.000  0.928344
15322.000  0.933708
15324.000  0.939258
15326.000  0.955387
15328.000  0.846109
15330.000  0.934121
15332.000  0.959982
15334.000  0.860522
15336.000  0.837776
15338.000  0.941351
15340.000  0.950127
15342.000  0.892113
15344.000  0.874403
15346.000  0.907102
15348.000  0.961202
15350.000  0.972247
15352.000  0.933002
15354.000  0.902078
15356.000  0.923676
15358.000  0.899834
15360.000  0.908346
15362.000  0.952675
15364.000  0.943111
15366.000  0.980352
15368.000  0.927471
15370.000  0.874504
15372.000  0.815804
15374.000  0.830214
15376.000  0.862594
15378.000  0.900106
15380.000  0.913371
15382.000  0.856749
15384.000  0.830746
15386.000  0.88569
15388.000  0.866615
15390.000  0.89393
15392.000  0.857363
15394.000  0.881652
15396.000  0.866447
15398.000  0.945241
15400.000  0.879127
15402.000  0.869807
15404.000  0.896549
15406.000  0.889295
15408.000  0.818064
15410.000  0.90419
15412.000  0.960379
15414.000  0.964586
15416.000  0.934654
15418.000  0.878125
15420.000  0.833231
15422.000  0.851621
15424.000  0.902296
15426.000  0.83434
15428.000  0.811054
15430.000  0.86405
15432.000  0.909849
15434.000  0.845514
15436.000  0.895222
15438.000  0.936801
15440.000  0.944389
15442.000  0.967476
15444.000  0.974329
15446.000  0.96538
15448.000  0.972021
15450.000  0.953624
15452.000  0.936332
15454.000  0.942428
15456.000  0.908733
15458.000  0.864867
15460.000  0.917277
15462.000  0.937108
15464.000  0.920818
15466.000  0.943561
15468.000  0.949995
15470.000  0.878127
15472.000  0.90772
15474.000  0.914129
15476.000  0.920962
15478.000  0.950522
15480.000  0.961784
15482.000  0.940497
15484.000  0.933822
15486.000  0.970341
15488.000  0.949634
15490.000  0.898802
15492.000  0.940237
15494.000  0.935756
15496.000  0.861143
15498.000  0.900761
15500.000  0.927356
15502.000  0.943673
15504.000  0.920267
15506.000  0.850223
15508.000  0.949671
15510.000  0.963744
15512.000  0.897036
15514.000  0.84134
15516.000  0.95658
15518.000  0.947634
15520.000  0.966948
15522.000  0.978251
15524.000  0.967904
15526.000  0.985709
15528.000  0.960118
15530.000  0.927652
15532.000  0.873001
15534.000  0.821529
15536.000  0.806068
15538.000  0.911468
15540.000  0.937287
15542.000  0.842874
15544.000  0.836372
15546.000  0.954831
15548.000  0.965149
15550.000  0.953065
15552.000  0.889368
15554.000  0.87078
15556.000  0.85858
15558.000  0.817076
15560.000  0.855343
15562.000  0.944727
15564.000  0.931183
15566.000  0.917324
15568.000  0.891921
15570.000  0.912229
15572.000  0.878422
15574.000  0.934645
15576.000  0.892854
15578.000  0.863376
15580.000  0.854102
15582.000  0.895306
15584.000  0.910373
15586.000  0.92957
15588.000  0.923423
15590.000  0.93907
15592.000  0.898747
15594.000  0.862031
15596.000  0.896606
15598.000  0.925442
15600.000  0.941114
15602.000  0.911424
15604.000  0.936283
15606.000  0.942355
15608.000  0.935608
15610.000  0.949817
15612.000  0.930813
15614.000  0.938425
15616.000  0.917344
15618.000  0.915449
15620.000  0.924461
15622.000  0.883554
15624.000  0.944437
15626.000  0.879365
15628.000  0.866685
15630.000  0.941494
15632.000  0.831435
15634.000  0.925824
15636.000  0.921009
15638.000  0.887517
15640.000  0.917723
15642.000  0.940607
15644.000  0.933558
15646.000  0.956249
15648.000  0.917818
15650.000  0.904669
15652.000  0.862621
15654.000  0.876196
15656.000  0.927582
15658.000  0.926556
15660.000  0.911999
15662.000  0.927089
15664.000  0.958309
15666.000  0.933838
15668.000  0.932828
15670.000  0.983032
15672.000  0.909075
15674.000  0.876247
15676.000  0.936715
15678.000  0.932572
15680.000  0.923073
15682.000  0.932699
15684.000  0.923659
15686.000  0.909465
15688.000  0.963444
15690.000  0.936907
15692.000  0.858341
15694.000  0.895358
15696.000  0.968851
15698.000  0.888008
15700.000  0.907292
15702.000  0.927159
15704.000  0.915569
15706.000  0.926149
15708.000  0.921502
15710.000  0.945178
15712.000  0.923277
15714.000  0.91176
15716.000  0.818982
15718.000  0.887348
15720.000  0.884572
15722.000  0.936181
15724.000  0.909533
15726.000  0.865874
15728.000  0.896133
15730.000  0.877816
15732.000  0.923345
15734.000  0.972805
15736.000  0.954086
15738.000  0.947282
15740.000  0.817922
15742.000  0.795528
15744.000  0.84956
15746.000  0.934916
15748.000  0.84591
15750.000  0.842374
15752.000  0.945772
15754.000  0.918874
15756.000  0.806284
15758.000  0.88627
15760.000  0.969512
15762.000  0.95969
15764.000  0.92737
15766.000  0.779902
15768.000  0.870916
15770.000  0.838223
15772.000  0.923853
15774.000  0.823963
15776.000  0.741486
15778.000  0.783591
15780.000  0.847264
15782.000  0.901242
15784.000  0.911186
15786.000  0.913467
15788.000  0.910906
15790.000  0.932894
15792.000  0.917088
15794.000  0.916376
15796.000  0.891146
15798.000  0.913794
15800.000  0.929484
15802.000  0.922667
15804.000  0.942462
15806.000  0.941364
15808.000  0.945043
15810.000  0.878701
15812.000  0.951733
15814.000  0.937634
15816.000  0.905547
15818.000  0.839554
15820.000  0.893398
15822.000  0.837869
15824.000  0.900942
15826.000  0.911027
15828.000  0.91069
15830.000  0.921714
15832.000  0.931959
15834.000  0.922338
15836.000  0.902802
15838.000  0.949298
15840.000  0.973183
15842.000  0.934258
15844.000  0.912742
15846.000  0.945711
15848.000  0.934694
15850.000  0.941483
15852.000  0.923448
15854.000  0.905544
15856.000  0.95002
15858.000  0.956091
15860.000  0.915621
15862.000  0.929956
15864.000  0.931493
15866.000  0.944661
15868.000  0.872061
15870.000  0.905114
15872.000  0.932815
15874.000  0.924373
15876.000  0.937447
15878.000  0.872552
15880.000  0.861275
15882.000  0.885948
15884.000  0.819397
15886.000  0.814043
15888.000  0.708067
15890.000  0.842381
15892.000  0.81299
15894.000  0.827792
15896.000  0.944521
15898.000  0.875564
15900.000  0.909798
15902.000  0.919167
15904.000  0.92342
15906.000  0.851395
15908.000  0.943311
15910.000  0.885692
15912.000  0.857727
15914.000  0.913793
15916.000  0.959676
15918.000  0.962333
15920.000  0.918875
15922.000  0.940313
15924.000  0.721283
15926.000  0.818949
15928.000  0.944219
15930.000  0.945824
15932.000  0.936353
15934.000  0.973784
15936.000  0.969277
15938.000  0.963746
15940.000  0.919135
15942.000  0.936995
15944.000  0.976885
15946.000  0.959942
15948.000  0.96457
15950.000  0.946403
15952.000  0.943093
15954.000  0.925427
15956.000  0.958061
15958.000  0.939439
15960.000  0.842924
15962.000  0.949644
15964.000  0.934542
15966.000  0.925495
15968.000  0.903153
15970.000  0.899295
15972.000  0.953136
15974.000  0.962869
15976.000  0.946975
15978.000  0.807602
15980.000  0.76324
15982.000  0.773433
15984.000  0.896684
15986.000  0.918332
15988.000  0.902595
15990.000  0.880308
15992.000  0.913859
15994.000  0.943909
15996.000  0.919524
15998.000  0.94001
16000.000  0.915138
16002.000  0.908749
16004.000  0.91461
16006.000  0.904821
16008.000  0.923016
16010.000  0.881426
16012.000  0.901607
16014.000  0.906545
16016.000  0.911956
16018.000  0.961225
16020.000  0.92825
16022.000  0.894824
16024.000  0.915615
16026.000  0.893186
16028.000  0.955002
16030.000  0.883003
16032.000  0.891041
16034.000  0.956597
16036.000  0.883438
16038.000  0.825459
16040.000  0.909914
16042.000  0.926261
16044.000  0.934734
16046.000  0.98861
16048.000  0.95475
16050.000  0.93623
16052.000  0.8938
16054.000  0.875101
16056.000  0.863161
16058.000  0.959347
16060.000  0.866141
16062.000  0.839544
16064.000  0.885248
16066.000  0.904194
16068.000  0.941382
16070.000  0.88721
16072.000  0.940531
16074.000  0.84947
16076.000  0.885427
16078.000  0.92584
16080.000  0.967895
16082.000  0.942885
16084.000  0.930053
16086.000  0.969491
16088.000  0.981696
16090.000  0.940661
16092.000  0.943406
16094.000  0.871235
16096.000  0.87937
16098.000  0.941755
16100.000  0.938632
16102.000  0.883301
16104.000  0.925425
16106.000  0.929477
16108.000  0.911471
16110.000  0.901418
16112.000  0.934644
16114.000  0.949678
16116.000  0.934103
16118.000  0.927803
16120.000  0.963057
16122.000  0.944758
16124.000  0.881781
16126.000  0.95236
16128.000  0.942251
16130.000  0.958736
16132.000  0.977178
16134.000  0.953329
16136.000  0.878594
16138.000  0.90677
16140.000  0.962909
16142.000  0.988397
16144.000  0.958222
16146.000  0.956622
16148.000  0.932515
16150.000  0.869083
16152.000  0.871676
16154.000  0.87483
16156.000  0.843928
16158.000  0.862438
16160.000  0.940707
16162.000  0.933863
16164.000  0.894177
16166.000  0.928466
16168.000  0.959895
16170.000  0.975114
16172.000  0.988028
16174.000  0.962144
16176.000  0.974489
16178.000  0.983541
16180.000  0.936296
16182.000  0.95945
16184.000  0.864842
16186.000  0.786813
16188.000  0.855584
16190.000  0.789039
16192.000  0.815256
16194.000  0.892845
16196.000  0.86272
16198.000  0.768153
16200.000  0.698116
16202.000  0.86081
16204.000  0.812821
16206.000  0.870608
16208.000  0.842618
16210.000  0.92776
16212.000  0.956673
16214.000  0.934516
16216.000  0.836792
16218.000  0.857388
16220.000  0.890903
16222.000  0.948904
16224.000  0.86654
16226.000  0.830116
16228.000  0.946058
16230.000  0.87122
16232.000  0.890543
16234.000  0.972109
16236.000  0.936035
16238.000  0.934194
16240.000  0.883399
16242.000  0.827008
16244.000  0.911274
16246.000  0.955104
16248.000  0.857044
16250.000  0.895784
16252.000  0.86053
16254.000  0.892641
16256.000  0.889237
16258.000  0.950705
16260.000  0.867199
16262.000  0.937644
16264.000  0.961379
16266.000  0.891858
16268.000  0.946288
16270.000  0.962826
16272.000  0.965869
16274.000  0.917539
16276.000  0.930259
16278.000  0.974577
16280.000  0.948918
16282.000  0.940215
16284.000  0.955408
16286.000  0.971205
16288.000  0.977766
16290.000  0.951858
16292.000  0.945915
16294.000  0.957797
16296.000  0.945715
16298.000  0.886356
16300.000  0.900409
16302.000  0.967024
16304.000  0.94764
16306.000  0.960061
16308.000  0.94589
16310.000  0.875291
16312.000  0.862938
16314.000  0.93577
16316.000  0.94655
16318.000  0.944758
16320.000  0.967053
16322.000  0.944519
16324.000  0.902352
16326.000  0.958173
16328.000  0.975979
16330.000  0.973256
16332.000  0.945534
16334.000  0.934235
16336.000  0.945613
16338.000  0.896384
16340.000  0.957356
16342.000  0.971674
16344.000  0.979269
16346.000  0.894986
16348.000  0.914087
16350.000  0.96179
16352.000  0.87292
16354.000  0.870045
16356.000  0.882632
16358.000  0.94222
16360.000  0.983038
16362.000  0.976843
16364.000  0.814717
16366.000  0.882418
16368.000  0.879028
16370.000  0.947314
16372.000  0.976197
16374.000  0.941445
16376.000  0.929196
16378.000  0.956982
16380.000  0.841811
16382.000  0.827358
16384.000  0.90179
16386.000  0.961364
16388.000  0.950691
16390.000  0.9626
16392.000  0.97172
16394.000  0.949112
16396.000  0.852643
16398.000  0.811327
16400.000  0.888577
16402.000  0.886507
16404.000  0.871334
16406.000  0.73731
16408.000  0.840201
16410.000  0.881986
16412.000  0.891928
16414.000  0.893529
16416.000  0.933429
16418.000  0.910984
16420.000  0.951387
16422.000  0.946228
16424.000  0.950559
16426.000  0.928471
16428.000  0.952376
16430.000  0.928647
16432.000  0.952619
16434.000  0.905144
16436.000  0.875736
16438.000  0.895469
16440.000  0.954404
16442.000  0.892645
16444.000  0.738103
16446.000  0.893282
16448.000  0.892409
16450.000  0.930257
16452.000  0.935856
16454.000  0.830548
16456.000  0.891312
16458.000  0.963345
16460.000  0.975207
16462.000  0.951963
16464.000  0.972643
16466.000  0.976123
16468.000  0.967742
16470.000  0.943844
16472.000  0.882927
16474.000  0.86506
16476.000  0.933296
16478.000  0.945653
16480.000  0.95021
16482.000  0.953228
16484.000  0.966751
16486.000  0.890745
16488.000  0.895514
16490.000  0.907682
16492.000  0.959056
16494.000  0.942626
16496.000  0.939091
16498.000  0.941063
16500.000  0.984154
16502.000  0.984709
16504.000  0.977905
16506.000  0.924724
16508.000  0.961425
16510.000  0.9808
16512.000  0.955117
16514.000  0.933009
16516.000  0.970782
16518.000  0.98454
16520.000  0.966808
16522.000  0.947404
16524.000  0.891138
16526.000  0.886425
16528.000  0.954907
16530.000  0.979533
16532.000  0.966242
16534.000  0.883538
16536.000  0.925493
16538.000  0.893158
16540.000  0.941163
16542.000  0.967522
16544.000  0.96802
16546.000  0.978401
16548.000  0.961949
16550.000  0.928146
16552.000  0.969174
16554.000  0.986323
16556.000  0.958697
16558.000  0.949174
16560.000  0.957694
16562.000  0.969525
16564.000  0.959483
16566.000  0.972981
16568.000  0.967504
16570.000  0.898483
16572.000  0.945203
16574.000  0.989348
16576.000  0.978747
16578.000  0.941431
16580.000  0.935496
16582.000  0.857238
16584.000  0.946726
16586.000  0.92878
16588.000  0.959541
16590.000  0.972769
16592.000  0.982181
16594.000  0.949959
16596.000  0.969176
16598.000  0.973907
16600.000  0.969374
16602.000  0.977723
16604.000  0.948983
16606.000  0.883302
16608.000  0.920494
16610.000  0.972635
16612.000  0.944953
16614.000  0.863116
16616.000  0.889404
16618.000  0.919607
16620.000  0.917283
16622.000  0.902831
16624.000  0.914362
16626.000  0.919709
16628.000  0.959619
16630.000  0.945577
16632.000  0.932406
16634.000  0.939462
16636.000  0.919777
16638.000  0.955004
16640.000  0.934936
16642.000  0.937778
16644.000  0.942906
16646.000  0.916687
16648.000  0.971649
16650.000  0.947715
16652.000  0.965519
16654.000  0.916847
16656.000  0.964328
16658.000  0.97155
16660.000  0.962414
16662.000  0.989
16664.000  0.959629
16666.000  0.916865
16668.000  0.955707
16670.000  0.948713
16672.000  0.94072
16674.000  0.947629
16676.000  0.959761
16678.000  0.931868
16680.000  0.870539
16682.000  0.929573
16684.000  0.959272
16686.000  0.954743
16688.000  0.92057
16690.000  0.955591
16692.000  0.973216
16694.000  0.962252
16696.000  0.964131
16698.000  0.97118
16700.000  0.988897
16702.000  0.979293
16704.000  0.875342
16706.000  0.839764
16708.000  0.76025
16710.000  0.944595
16712.000  0.943494
16714.000  0.900497
16716.000  0.963702
16718.000  0.874359
16720.000  0.871851
16722.000  0.946808
16724.000  0.941771
16726.000  0.962289
16728.000  0.877602
16730.000  0.880484
16732.000  0.960422
16734.000  0.983166
16736.000  0.969471
16738.000  0.966743
16740.000  0.983476
16742.000  0.983727
16744.000  0.983748
16746.000  0.96974
16748.000  0.928099
16750.000  0.751829
16752.000  0.821828
16754.000  0.958423
16756.000  0.922464
16758.000  0.791119
16760.000  0.950598
16762.000  0.921104
16764.000  0.888973
16766.000  0.952284
16768.000  0.987872
16770.000  0.98058
16772.000  0.975907
16774.000  0.986571
16776.000  0.973562
16778.000  0.974345
16780.000  0.975382
16782.000  0.978923
16784.000  0.967213
16786.000  0.9647
16788.000  0.979948
16790.000  0.984528
16792.000  0.982372
16794.000  0.968153
16796.000  0.955182
16798.000  0.94062
16800.000  0.884407
16802.000  0.947268
16804.000  0.913197
16806.000  0.862829
16808.000  0.849891
16810.000  0.939139
16812.000  0.949738
16814.000  0.965686
16816.000  0.930787
16818.000  0.925065
16820.000  0.953012
16822.000  0.95321
16824.000  0.954935
16826.000  0.978598
16828.000  0.939244
16830.000  0.980926
16832.000  0.988307
16834.000  0.962494
16836.000  0.888452
16838.000  0.913341
16840.000  0.932359
16842.000  0.942587
16844.000  0.926966
16846.000  0.952434
16848.000  0.969282
16850.000  0.962977
16852.000  0.961083
16854.000  0.9759
16856.000  0.94144
16858.000  0.947299
16860.000  0.96005
16862.000  0.942877
16864.000  0.937845
16866.000  0.9666
16868.000  0.940164
16870.000  0.972559
16872.000  0.972089
16874.000  0.967245
16876.000  0.96857
16878.000  0.962404
16880.000  0.983344
16882.000  0.973602
16884.000  0.907634
16886.000  0.887808
16888.000  0.943601
16890.000  0.917623
16892.000  0.95437
16894.000  0.927575
16896.000  0.909855
16898.000  0.911537
16900.000  0.934199
16902.000  0.915947
16904.000  0.841696
16906.000  0.889387
16908.000  0.945202
16910.000  0.910284
16912.000  0.96278
16914.000  0.957686
16916.000  0.960848
16918.000  0.987545
16920.000  0.991063
16922.000  0.98461
16924.000  0.97025
16926.000  0.976395
16928.000  0.977402
16930.000  0.975222
16932.000  0.973819
16934.000  0.961117
16936.000  0.987828
16938.000  0.989226
16940.000  0.973591
16942.000  0.975725
16944.000  0.976591
16946.000  0.987254
16948.000  0.966182
16950.000  0.946712
16952.000  0.975129
16954.000  0.985097
16956.000  0.98155
16958.000  0.968025
16960.000  0.974384
16962.000  0.976404
16964.000  0.971193
16966.000  0.976369
16968.000  0.972061
16970.000  0.958208
16972.000  0.982276
16974.000  0.976457
16976.000  0.969916
16978.000  0.988902
16980.000  0.993767
16982.000  0.976725
16984.000  0.972062
16986.000  0.960872
16988.000  0.971382
16990.000  0.985174
16992.000  0.96547
16994.000  0.970218
16996.000  0.87198
16998.000  0.911061
17000.000  0.977205
17002.000  0.925524
17004.000  0.938764
17006.000  0.962222
17008.000  0.981802
17010.000  0.951088
17012.000  0.93306
17014.000  0.966976
17016.000  0.975936
17018.000  0.980949
17020.000  0.981147
17022.000  0.986453
17024.000  0.992602
17026.000  0.978812
17028.000  0.98668
17030.000  0.99336
17032.000  0.978435
17034.000  0.958679
17036.000  0.979079
17038.000  0.974334
17040.000  0.980991
17042.000  0.98438
17044.000  0.984039
17046.000  0.98334
17048.000  0.984119
17050.000  0.906292
17052.000  0.907548
17054.000  0.974027
17056.000  0.98027
17058.000  0.984099
17060.000  0.970725
17062.000  0.94024
17064.000  0.907899
17066.000  0.863266
17068.000  0.918447
17070.000  0.911831
17072.000  0.939512
17074.000  0.874137
17076.000  0.904573
17078.000  0.959536
17080.000  0.983201
17082.000  0.973861
17084.000  0.967274
17086.000  0.936432
17088.000  0.967647
17090.000  0.961478
17092.000  0.985065
17094.000  0.969646
17096.000  0.913516
17098.000  0.952693
17100.000  0.913952
17102.000  0.944486
17104.000  0.900663
17106.000  0.918392
17108.000  0.762919
17110.000  0.778446
17112.000  0.946916
17114.000  0.959783
17116.000  0.979671
17118.000  0.952249
17120.000  0.926144
17122.000  0.972309
17124.000  0.964352
17126.000  0.973613
17128.000  0.977902
17130.000  0.980701
17132.000  0.977263
17134.000  0.971535
17136.000  0.993443
17138.000  0.974872
17140.000  0.973637
17142.000  0.987161
17144.000  0.990148
17146.000  0.984608
17148.000  0.987034
17150.000  0.990064
17152.000  0.980737
17154.000  0.982459
17156.000  0.968568
17158.000  0.975864
17160.000  0.953703
17162.000  0.946493
17164.000  0.980117
17166.000  0.969406
17168.000  0.973341
17170.000  0.935446
17172.000  0.936176
17174.000  0.903713
17176.000  0.963795
17178.000  0.983296
17180.000  0.983548
17182.000  0.978335
17184.000  0.930265
17186.000  0.961547
17188.000  0.980944
17190.000  0.94029
17192.000  0.937836
17194.000  0.967572
17196.000  0.97268
17198.000  0.982075
17200.000  0.984479
17202.000  0.988429
17204.000  0.911693
17206.000  0.879246
17208.000  0.930617
17210.000  0.980339
17212.000  0.987985
17214.000  0.97867
17216.000  0.981402
17218.000  0.969802
17220.000  0.986934
17222.000  0.982817
17224.000  0.941516
17226.000  0.86346
17228.000  0.898956
17230.000  0.939406
17232.000  0.974177
17234.000  0.963018
17236.000  0.987366
17238.000  0.946056
17240.000  0.888129
17242.000  0.920867
17244.000  0.880442
17246.000  0.970984
17248.000  0.986016
17250.000  0.987775
17252.000  0.964566
17254.000  0.971997
17256.000  0.989662
17258.000  0.990926
17260.000  0.983165
17262.000  0.96271
17264.000  0.976966
17266.000  0.987941
17268.000  0.991153
17270.000  0.992053
17272.000  0.990127
17274.000  0.973359
17276.000  0.976312
17278.000  0.96375
17280.000  0.972383
17282.000  0.970837
17284.000  0.972456
17286.000  0.980785
17288.000  0.976556
17290.000  0.987108
17292.000  0.990048
17294.000  0.970247
17296.000  0.941693
17298.000  0.952121
17300.000  0.968113
17302.000  0.981033
17304.000  0.975744
17306.000  0.957857
17308.000  0.902223
17310.000  0.952959
17312.000  0.930105
17314.000  0.921709
17316.000  0.961832
17318.000  0.943309
17320.000  0.969655
17322.000  0.966344
17324.000  0.850778
17326.000  0.836431
17328.000  0.876518
17330.000  0.958783
17332.000  0.971924
17334.000  0.980944
17336.000  0.962993
17338.000  0.884274
17340.000  0.883642
17342.000  0.978246
17344.000  0.976595
17346.000  0.924061
17348.000  0.919254
17350.000  0.884798
17352.000  0.90184
17354.000  0.951854
17356.000  0.926956
17358.000  0.917476
17360.000  0.919782
17362.000  0.876759
17364.000  0.915763
17366.000  0.940483
17368.000  0.958741
17370.000  0.965366
17372.000  0.974026
17374.000  0.986432
17376.000  0.98467
17378.000  0.941288
17380.000  0.935178
17382.000  0.961106
17384.000  0.979261
17386.000  0.965199
17388.000  0.978234
17390.000  0.98118
17392.000  0.985302
17394.000  0.978473
17396.000  0.976399
17398.000  0.987131
17400.000  0.985069
17402.000  0.979646
17404.000  0.976445
17406.000  0.950664
17408.000  0.906271
17410.000  0.945827
17412.000  0.936019
17414.000  0.916784
17416.000  0.961678
17418.000  0.983477
17420.000  0.943808
17422.000  0.912536
17424.000  0.899554
17426.000  0.952955
17428.000  0.916515
17430.000  0.973449
17432.000  0.988193
17434.000  0.996241
17436.000  0.99329
17438.000  0.98483
17440.000  0.988192
17442.000  0.993101
17444.000  0.982832
17446.000  0.969214
17448.000  0.96094
17450.000  0.974367
17452.000  0.995431
17454.000  0.985517
17456.000  0.967546
17458.000  0.988111
17460.000  0.992328
17462.000  0.991048
17464.000  0.983023
17466.000  0.883341
17468.000  0.888263
17470.000  0.991774
17472.000  0.992333
17474.000  0.987573
17476.000  0.985085
17478.000  0.984785
17480.000  0.988877
17482.000  0.98832
17484.000  0.985327
17486.000  0.983016
17488.000  0.994385
17490.000  0.992706
17492.000  0.974081
17494.000  0.955484
17496.000  0.782873
17498.000  0.859545
17500.000  0.923747
17502.000  0.955813
17504.000  0.982842
17506.000  0.958571
17508.000  0.971087
17510.000  0.989608
17512.000  0.989517
17514.000  0.987189
17516.000  0.986303
17518.000  0.935328
17520.000  0.97113
17522.000  0.966781
17524.000  0.947345
17526.000  0.94673
17528.000  0.974524
17530.000  0.979432
17532.000  0.983158
17534.000  0.967525
17536.000  0.972201
17538.000  0.971018
17540.000  0.973112
17542.000  0.985941
17544.000  0.978961
17546.000  0.970433
17548.000  0.94865
17550.000  0.965943
17552.000  0.985292
17554.000  0.984188
17556.000  0.981105
17558.000  0.990748
17560.000  0.984501
17562.000  0.993612
17564.000  0.987598
17566.000  0.982763
17568.000  0.990911
17570.000  0.987548
17572.000  0.984367
17574.000  0.980722
17576.000  0.979611
17578.000  0.992229
17580.000  0.980853
17582.000  0.972198
17584.000  0.984333
17586.000  0.975418
17588.000  0.983797
17590.000  0.994211
17592.000  0.984945
17594.000  0.982923
17596.000  0.991181
17598.000  0.986105
17600.000  0.991968
17602.000  0.992529
17604.000  0.963407
17606.000  0.775359
17608.000  0.759903
17610.000  0.92329
17612.000  0.961803
17614.000  0.984487
17616.000  0.934692
17618.000  0.894552
17620.000  0.952013
17622.000  0.95188
17624.000  0.89366
17626.000  0.981368
17628.000  0.988226
17630.000  0.992913
17632.000  0.986153
17634.000  0.987098
17636.000  0.981548
17638.000  0.960568
17640.000  0.959556
17642.000  0.980725
17644.000  0.990332
17646.000  0.985571
17648.000  0.976671
17650.000  0.986268
17652.000  0.990803
17654.000  0.974963
17656.000  0.929266
17658.000  0.973467
17660.000  0.991088
17662.000  0.966316
17664.000  0.959407
17666.000  0.979745
17668.000  0.981016
17670.000  0.983666
17672.000  0.973859
17674.000  0.987213
17676.000  0.986884
17678.000  0.972978
17680.000  0.954592
17682.000  0.950253
17684.000  0.975696
17686.000  0.976154
17688.000  0.993561
17690.000  0.99565
17692.000  0.99089
17694.000  0.976894
17696.000  0.943655
17698.000  0.977743
17700.000  0.975913
17702.000  0.985619
17704.000  0.986378
17706.000  0.986938
17708.000  0.959036
17710.000  0.967727
17712.000  0.981475
17714.000  0.979302
17716.000  0.994445
17718.000  0.985537
17720.000  0.98764
17722.000  0.98786
17724.000  0.991249
17726.000  0.993791
17728.000  0.991895
17730.000  0.985376
17732.000  0.983039
17734.000  0.986105
17736.000  0.986476
17738.000  0.995321
17740.000  0.996304
17742.000  0.970475
17744.000  0.752958
17746.000  0.776853
17748.000  0.975587
17750.000  0.978013
17752.000  0.977939
17754.000  0.966264
17756.000  0.989819
17758.000  0.981332
17760.000  0.973446
17762.000  0.947705
17764.000  0.980275
17766.000  0.984991
17768.000  0.980234
17770.000  0.937733
17772.000  0.933293
17774.000  0.99175
17776.000  0.993231
17778.000  0.97953
17780.000  0.974493
17782.000  0.975356
17784.000  0.981299
17786.000  0.970967
17788.000  0.96925
17790.000  0.972115
17792.000  0.989107
17794.000  0.986201
17796.000  0.992088
17798.000  0.99191
17800.000  0.987888
17802.000  0.990786
17804.000  0.994346
17806.000  0.983122
17808.000  0.982406
17810.000  0.986946
17812.000  0.971851
17814.000  0.927269
17816.000  0.957841
17818.000  0.93606
17820.000  0.965614
17822.000  0.939773
17824.000  0.920997
17826.000  0.890161
17828.000  0.962034
17830.000  0.943565
17832.000  0.963559
17834.000  0.987499
17836.000  0.984332
17838.000  0.985547
17840.000  0.99345
17842.000  0.99238
17844.000  0.972312
17846.000  0.907836
17848.000  0.95223
17850.000  0.9614
17852.000  0.989545
17854.000  0.983103
17856.000  0.986887
17858.000  0.985677
17860.000  0.995956
17862.000  0.994156
17864.000  0.989508
17866.000  0.984648
17868.000  0.99014
17870.000  0.991554
17872.000  0.992368
17874.000  0.985554
17876.000  0.979917
17878.000  0.984379
17880.000  0.991502
17882.000  0.993031
17884.000  0.991702
17886.000  0.991103
17888.000  0.993562
17890.000  0.988545
17892.000  0.983673
17894.000  0.990895
17896.000  0.992191
17898.000  0.993225
17900.000  0.992221
17902.000  0.97408
17904.000  0.957448
17906.000  0.985107
17908.000  0.99412
17910.000  0.991523
17912.000  0.98638
17914.000  0.98508
17916.000  0.981643
17918.000  0.989538
17920.000  0.997614
17922.000  0.998069
17924.000  0.995385
17926.000  0.988802
17928.000  0.979847
17930.000  0.946178
17932.000  0.985087
17934.000  0.987173
17936.000  0.977028
17938.000  0.954224
17940.000  0.988738
17942.000  0.993572
17944.000  0.996286
17946.000  0.986741
17948.000  0.990478
17950.000  0.986508
17952.000  0.992766
17954.000  0.992106
17956.000  0.993471
17958.000  0.994112
17960.000  0.995475
17962.000  0.993519
17964.000  0.991597
17966.000  0.99242
17968.000  0.985452
17970.000  0.983687
17972.000  0.991496
17974.000  0.990842
17976.000  0.988777
17978.000  0.986011
17980.000  0.991169
17982.000  0.997418
17984.000  0.994863
17986.000  0.94389
17988.000  0.885852
17990.000  0.972736
17992.000  0.996514
17994.000  0.994065
17996.000  0.99081
17998.000  0.994873
18000.000  0.990663
18002.000  0.971527
18004.000  0.962874
18006.000  0.934242
18008.000  0.955615
18010.000  0.990233
18012.000  0.988209
18014.000  0.990589
18016.000  0.982974
18018.000  0.983767
18020.000  0.991061
18022.000  0.972598
18024.000  0.951668
18026.000  0.963889
18028.000  0.933062
18030.000  0.97217
18032.000  0.96907
18034.000  0.928331
18036.000  0.959205
18038.000  0.881852
18040.000  0.968283
18042.000  0.967539
18044.000  0.944211
18046.000  0.991946
18048.000  0.962304
18050.000  0.903055
18052.000  0.987379
18054.000  0.991262
18056.000  0.985197
18058.000  0.986544
18060.000  0.983254
18062.000  0.953636
18064.000  0.972048
18066.000  0.990841
18068.000  0.995658
18070.000  0.996233
18072.000  0.99266
18074.000  0.985365
18076.000  0.971453
18078.000  0.989982
18080.000  0.994589
18082.000  0.989183
18084.000  0.971896
18086.000  0.988247
18088.000  0.996697
18090.000  0.990652
18092.000  0.989725
18094.000  0.987986
18096.000  0.988836
18098.000  0.987573
18100.000  0.990636
18102.000  0.995552
18104.000  0.993443
18106.000  0.991902
18108.000  0.957187
18110.000  0.97897
18112.000  0.976826
18114.000  0.942672
18116.000  0.942108
18118.000  0.973817
18120.000  0.987915
18122.000  0.993096
18124.000  0.989259
18126.000  0.993208
18128.000  0.991269
18130.000  0.993174
18132.000  0.992251
18134.000  0.992073
18136.000  0.994753
18138.000  0.993656
18140.000  0.984856
18142.000  0.966101
18144.000  0.992433
18146.000  0.994184
18148.000  0.987146
18150.000  0.981612
18152.000  0.991305
18154.000  0.989355
18156.000  0.990068
18158.000  0.983762
18160.000  0.986402
18162.000  0.985359
18164.000  0.982214
18166.000  0.976696
18168.000  0.971673
18170.000  0.957227
18172.000  0.931857
18174.000  0.885058
18176.000  0.922879
18178.000  0.950178
18180.000  0.958235
18182.000  0.933019
18184.000  0.977128
18186.000  0.981708
18188.000  0.987206
18190.000  0.992045
18192.000  0.994558
18194.000  0.981271
18196.000  0.947583
18198.000  0.956599
18200.000  0.964394
18202.000  0.995191
18204.000  0.990648
18206.000  0.970001
18208.000  0.991208
18210.000  0.996562
18212.000  0.965626
18214.000  0.962837
18216.000  0.971091
18218.000  0.958978
18220.000  0.977186
18222.000  0.964147
18224.000  0.921851
18226.000  0.972271
18228.000  0.988906
18230.000  0.986289
18232.000  0.990932
18234.000  0.991491
18236.000  0.9849
18238.000  0.977992
18240.000  0.991602
18242.000  0.99349
18244.000  0.993985
18246.000  0.993525
18248.000  0.961217
18250.000  0.956744
18252.000  0.983981
18254.000  0.980879
18256.000  0.990117
18258.000  0.988109
18260.000  0.988914
18262.000  0.985461
18264.000  0.949436
18266.000  0.957413
18268.000  0.978731
18270.000  0.944617
18272.000  0.97726
18274.000  0.991294
18276.000  0.992645
18278.000  0.984701
18280.000  0.986507
18282.000  0.973727
18284.000  0.914678
18286.000  0.958088
18288.000  0.985692
18290.000  0.981235
18292.000  0.970515
18294.000  0.952942
18296.000  0.974946
18298.000  0.985831
18300.000  0.971631
18302.000  0.970458
18304.000  0.982741
18306.000  0.951693
18308.000  0.783954
18310.000  0.917347
18312.000  0.992288
18314.000  0.995404
18316.000  0.987906
18318.000  0.980981
18320.000  0.972411
18322.000  0.984265
18324.000  0.98332
18326.000  0.985831
18328.000  0.993115
18330.000  0.992238
18332.000  0.996803
18334.000  0.994142
18336.000  0.990381
18338.000  0.992743
18340.000  0.977951
18342.000  0.96083
18344.000  0.989416
18346.000  0.989661
18348.000  0.979844
18350.000  0.970083
18352.000  0.989634
18354.000  0.978979
18356.000  0.9768
18358.000  0.969161
18360.000  0.968753
18362.000  0.986933
18364.000  0.989558
18366.000  0.992714
18368.000  0.992695
18370.000  0.983088
18372.000  0.978949
18374.000  0.90881
18376.000  0.961314
18378.000  0.986262
18380.000  0.994308
18382.000  0.995238
18384.000  0.997677
18386.000  0.993954
18388.000  0.991001
18390.000  0.989998
18392.000  0.940012
18394.000  0.953083
18396.000  0.924583
18398.000  0.92584
18400.000  0.957385
18402.000  0.958452
18404.000  0.987325
18406.000  0.995704
18408.000  0.989708
18410.000  0.993734
18412.000  0.977646
18414.000  0.943899
18416.000  0.985031
18418.000  0.957317
18420.000  0.957349
18422.000  0.910217
18424.000  0.953786
18426.000  0.987707
18428.000  0.972704
18430.000  0.959435
18432.000  0.991925
18434.000  0.98458
18436.000  0.991688
18438.000  0.994575
18440.000  0.997745
18442.000  0.996113
18444.000  0.993743
18446.000  0.994073
18448.000  0.993859
18450.000  0.995442
18452.000  0.986219
18454.000  0.945524
18456.000  0.968693
18458.000  0.995084
18460.000  0.995435
18462.000  0.993732
18464.000  0.90024
18466.000  0.823713
18468.000  0.98118
18470.000  0.988114
18472.000  0.954709
18474.000  0.990034
18476.000  0.995745
18478.000  0.988123
18480.000  0.98558
18482.000  0.995093
18484.000  0.995322
18486.000  0.993857
18488.000  0.993814
18490.000  0.992952
18492.000  0.993603
18494.000  0.993158
18496.000  0.994487
18498.000  0.991101
18500.000  0.990998
18502.000  0.994113
18504.000  0.998073
18506.000  0.997474
18508.000  0.994395
18510.000  0.99508
18512.000  0.99372
18514.000  0.99039
18516.000  0.98901
18518.000  0.992849
18520.000  0.986369
18522.000  0.957924
18524.000  0.912525
18526.000  0.960968
18528.000  0.988121
18530.000  0.994655
18532.000  0.997229
18534.000  0.995603
18536.000  0.995665
18538.000  0.994405
18540.000  0.996244
18542.000  0.997929
18544.000  0.993182
18546.000  0.994035
18548.000  0.99216
18550.000  0.992148
18552.000  0.978409
18554.000  0.899926
18556.000  0.94959
18558.000  0.989049
18560.000  0.995274
18562.000  0.995165
18564.000  0.994095
18566.000  0.991908
18568.000  0.980944
18570.000  0.98637
18572.000  0.993076
18574.000  0.996937
18576.000  0.997542
18578.000  0.996281
18580.000  0.993771
18582.000  0.98082
18584.000  0.912278
18586.000  0.977174
18588.000  0.995721
18590.000  0.996847
18592.000  0.995846
18594.000  0.983315
18596.000  0.984704
18598.000  0.994721
18600.000  0.993072
18602.000  0.991277
18604.000  0.995224
18606.000  0.99571
18608.000  0.986284
18610.000  0.97801
18612.000  0.977267
18614.000  0.957497
18616.000  0.971808
18618.000  0.963244
18620.000  0.994592
18622.000  0.98917
18624.000  0.937586
18626.000  0.957278
18628.000  0.957672
18630.000  0.992746
18632.000  0.966822
18634.000  0.973243
18636.000  0.972994
18638.000  0.936974
18640.000  0.992314
18642.000  0.99805
18644.000  0.998656
18646.000  0.997913
18648.000  0.994026
18650.000  0.995129
18652.000  0.991413
18654.000  0.975124
18656.000  0.951515
18658.000  0.932147
18660.000  0.98528
18662.000  0.992796
18664.000  0.997245
18666.000  0.996161
18668.000  0.995145
18670.000  0.994903
18672.000  0.99706
18674.000  0.996865
18676.000  0.994408
18678.000  0.99493
18680.000  0.996965
18682.000  0.995944
18684.000  0.997815
18686.000  0.994149
18688.000  0.992869
18690.000  0.996045
18692.000  0.99599
18694.000  0.996562
18696.000  0.978845
18698.000  0.968667
18700.000  0.991526
18702.000  0.996929
18704.000  0.995291
18706.000  0.995934
18708.000  0.996103
18710.000  0.99192
18712.000  0.957845
18714.000  0.93392
18716.000  0.990881
18718.000  0.996685
18720.000  0.990971
18722.000  0.918297
18724.000  0.91158
18726.000  0.965454
18728.000  0.976748
18730.000  0.993589
18732.000  0.993513
18734.000  0.982667
18736.000  0.969576
18738.000  0.981857
18740.000  0.975373
18742.000  0.982599
18744.000  0.979767
18746.000  0.963499
18748.000  0.930577
18750.000  0.80845
18752.000  0.821825
18754.000  0.942518
18756.000  0.967443
18758.000  0.978939
18760.000  0.976923
18762.000  0.984658
18764.000  0.988081
18766.000  0.992389
18768.000  0.9928
18770.000  0.993616
18772.000  0.991167
18774.000  0.992317
18776.000  0.991073
18778.000  0.992613
18780.000  0.994709
18782.000  0.995168
18784.000  0.99533
18786.000  0.993258
18788.000  0.995229
18790.000  0.967442
18792.000  0.966174
18794.000  0.995888
18796.000  0.997354
18798.000  0.996543
18800.000  0.991114
18802.000  0.993316
18804.000  0.997404
18806.000  0.997159
18808.000  0.996835
18810.000  0.997569
18812.000  0.996171
18814.000  0.992106
18816.000  0.994677
18818.000  0.992276
18820.000  0.979561
18822.000  0.98849
18824.000  0.99648
18826.000  0.996059
18828.000  0.995631
18830.000  0.990888
18832.000  0.983861
18834.000  0.984168
18836.000  0.993733
18838.000  0.995682
18840.000  0.975843
18842.000  0.963456
18844.000  0.965641
18846.000  0.961178
18848.000  0.995967
18850.000  0.988722
18852.000  0.981062
18854.000  0.948241
18856.000  0.849296
18858.000  0.907123
18860.000  0.957083
18862.000  0.992939
18864.000  0.998265
18866.000  0.996107
18868.000  0.991069
18870.000  0.983964
18872.000  0.99017
18874.000  0.982334
18876.000  0.992861
18878.000  0.987982
18880.000  0.990414
18882.000  0.976845
18884.000  0.970864
18886.000  0.985826
18888.000  0.994994
18890.000  0.994055
18892.000  0.995982
18894.000  0.993012
18896.000  0.950382
18898.000  0.875398
18900.000  0.964273
18902.000  0.976334
18904.000  0.997326
18906.000  0.984534
18908.000  0.978882
18910.000  0.972655
18912.000  0.982993
18914.000  0.933413
18916.000  0.951495
18918.000  0.96052
18920.000  0.966787
18922.000  0.905203
18924.000  0.964941
18926.000  0.937161
18928.000  0.972095
18930.000  0.968929
18932.000  0.966026
18934.000  0.965787
18936.000  0.978048
18938.000  0.995376
18940.000  0.988475
18942.000  0.935285
18944.000  0.965655
18946.000  0.992238
18948.000  0.994366
18950.000  0.98686
18952.000  0.995582
18954.000  0.997059
18956.000  0.98982
18958.000  0.977535
18960.000  0.992568
18962.000  0.990001
18964.000  0.97748
18966.000  0.99323
18968.000  0.987423
18970.000  0.940978
18972.000  0.98304
18974.000  0.994345
18976.000  0.996183
18978.000  0.998473
18980.000  0.99862
18982.000  0.997333
18984.000  0.98826
18986.000  0.892207
18988.000  0.888758
18990.000  0.991931
18992.000  0.998569
18994.000  0.998094
18996.000  0.997248
18998.000  0.947506
19000.000  0.90361
19002.000  0.982846
19004.000  0.998369
19006.000  0.993123
19008.000  0.995385
19010.000  0.991844
19012.000  0.995542
19014.000  0.997859
19016.000  0.994543
19018.000  0.943719
19020.000  0.953017
19022.000  0.982901
19024.000  0.994746
19026.000  0.993413
19028.000  0.993064
19030.000  0.940459
19032.000  0.957215
19034.000  0.996705
19036.000  0.998111
19038.000  0.99757
19040.000  0.99735
19042.000  0.994201
19044.000  0.984249
19046.000  0.931222
19048.000  0.981864
19050.000  0.999111
19052.000  0.999299
19054.000  0.999163
19056.000  0.998859
19058.000  0.998398
19060.000  0.996803
19062.000  0.997379
19064.000  0.997952
19066.000  0.997254
19068.000  0.99754
19070.000  0.997471
19072.000  0.995438
19074.000  0.994675
19076.000  0.99399
19078.000  0.995821
19080.000  0.968164
19082.000  0.93034
19084.000  0.964703
19086.000  0.964902
19088.000  0.982648
19090.000  0.997611
19092.000  0.980229
19094.000  0.956437
19096.000  0.987018
19098.000  0.990925
19100.000  0.954813
19102.000  0.960876
19104.000  0.970457
19106.000  0.972064
19108.000  0.973952
19110.000  0.946396
19112.000  0.941805
19114.000  0.862094
19116.000  0.9731
19118.000  0.996477
19120.000  0.99852
19122.000  0.996796
19124.000  0.99594
19126.000  0.996912
19128.000  0.997494
19130.000  0.99328
19132.000  0.994307
19134.000  0.998009
19136.000  0.995906
19138.000  0.995444
19140.000  0.99757
19142.000  0.99689
19144.000  0.997953
19146.000  0.997254
19148.000  0.997405
19150.000  0.997235
19152.000  0.990479
19154.000  0.992533
19156.000  0.983044
19158.000  0.983297
19160.000  0.990429
19162.000  0.988686
19164.000  0.990832
19166.000  0.993983
19168.000  0.995988
19170.000  0.994676
19172.000  0.99348
19174.000  0.988737
19176.000  0.980625
19178.000  0.993429
19180.000  0.99501
19182.000  0.994029
19184.000  0.996142
19186.000  0.995282
19188.000  0.986595
19190.000  0.993425
19192.000  0.9786
19194.000  0.883424
19196.000  0.962333
19198.000  0.994712
19200.000  0.996406
19202.000  0.998687
19204.000  0.997018
19206.000  0.996192
19208.000  0.992883
19210.000  0.994171
19212.000  0.996351
19214.000  0.997581
19216.000  0.997285
19218.000  0.987961
19220.000  0.982154
19222.000  0.996121
19224.000  0.999133
19226.000  0.999374
19228.000  0.999107
19230.000  0.998213
19232.000  0.998588
19234.000  0.997824
19236.000  0.997431
19238.000  0.996936
19240.000  0.99378
19242.000  0.996481
19244.000  0.990521
19246.000  0.990178
19248.000  0.996069
19250.000  0.995861
19252.000  0.996657
19254.000  0.974283
19256.000  0.983956
19258.000  0.994272
19260.000  0.956052
19262.000  0.980748
19264.000  0.99775
19266.000  0.997382
19268.000  0.993509
19270.000  0.99703
19272.000  0.99769
19274.000  0.997236
19276.000  0.997446
19278.000  0.988824
19280.000  0.97547
19282.000  0.959569
19284.000  0.94013
19286.000  0.994584
19288.000  0.998003
19290.000  0.985306
19292.000  0.980153
19294.000  0.973531
19296.000  0.98735
19298.000  0.982898
19300.000  0.979625
19302.000  0.978822
19304.000  0.972931
19306.000  0.978684
19308.000  0.8629
19310.000  0.787185
19312.000  0.964358
19314.000  0.980978
19316.000  0.971727
19318.000  0.988399
19320.000  0.977661
19322.000  0.991913
19324.000  0.997698
19326.000  0.995544
19328.000  0.991958
19330.000  0.996449
19332.000  0.996244
19334.000  0.966985
19336.000  0.934828
19338.000  0.98656
19340.000  0.989757
19342.000  0.965479
19344.000  0.977221
19346.000  0.989729
19348.000  0.997259
19350.000  0.996403
19352.000  0.992138
19354.000  0.986617
19356.000  0.995508
19358.000  0.998093
19360.000  0.995776
19362.000  0.996344
19364.000  0.991417
19366.000  0.995114
19368.000  0.997028
19370.000  0.994433
19372.000  0.997575
19374.000  0.997777
19376.000  0.990594
19378.000  0.994333
19380.000  0.992711
19382.000  0.984182
19384.000  0.962143
19386.000  0.916121
19388.000  0.972945
19390.000  0.982763
19392.000  0.982983
19394.000  0.976825
19396.000  0.99053
19398.000  0.993672
19400.000  0.99052
19402.000  0.981845
19404.000  0.974924
19406.000  0.977766
19408.000  0.979628
19410.000  0.981377
19412.000  0.973951
19414.000  0.987371
19416.000  0.985939
19418.000  0.974932
19420.000  0.983017
19422.000  0.985633
19424.000  0.964139
19426.000  0.948334
19428.000  0.977773
19430.000  0.941603
19432.000  0.901048
19434.000  0.91264
19436.000  0.969891
19438.000  0.970195
19440.000  0.964987
19442.000  0.95973
19444.000  0.918699
19446.000  0.881437
19448.000  0.927802
19450.000  0.931177
19452.000  0.774047
19454.000  0.799765
19456.000  0.967582
19458.000  0.976729
19460.000  0.987748
19462.000  0.977774
19464.000  0.986484
19466.000  0.987672
19468.000  0.976297
19470.000  0.973848
19472.000  0.980522
19474.000  0.981285
19476.000  0.970483
19478.000  0.987268
19480.000  0.96764
19482.000  0.969458
19484.000  0.991632
19486.000  0.994802
19488.000  0.984319
19490.000  0.980343
19492.000  0.930878
19494.000  0.909312
19496.000  0.972767
19498.000  0.979044
19500.000  0.988801
19502.000  0.985412
19504.000  0.908625
19506.000  0.741767
19508.000  0.881802
19510.000  0.952182
19512.000  0.943915
19514.000  0.951112
19516.000  0.962332
19518.000  0.969302
19520.000  0.972103
19522.000  0.977444
19524.000  0.974451
19526.000  0.985622
19528.000  0.980947
19530.000  0.983637
19532.000  0.974141
19534.000  0.962295
19536.000  0.969664
19538.000  0.963136
19540.000  0.987602
19542.000  0.982323
19544.000  0.981866
19546.000  0.987991
19548.000  0.996412
19550.000  0.979778
19552.000  0.979578
19554.000  0.979522
19556.000  0.961538
19558.000  0.98918
19560.000  0.989532
19562.000  0.995586
19564.000  0.989384
19566.000  0.989847
19568.000  0.981231
19570.000  0.980359
19572.000  0.991644
19574.000  0.991154
19576.000  0.977668
19578.000  0.988236
19580.000  0.994937
19582.000  0.980746
19584.000  0.936211
19586.000  0.907225
19588.000  0.979476
19590.000  0.992602
19592.000  0.948325
19594.000  0.964733
19596.000  0.980513
19598.000  0.980999
19600.000  0.975235
19602.000  0.994257
19604.000  0.985248
19606.000  0.98425
19608.000  0.995228
19610.000  0.973718
19612.000  0.955191
19614.000  0.940613
19616.000  0.979486
19618.000  0.981791
19620.000  0.994577
19622.000  0.980803
19624.000  0.940346
19626.000  0.919739
19628.000  0.967105
19630.000  0.981116
19632.000  0.98378
19634.000  0.940627
19636.000  0.925046
19638.000  0.976382
19640.000  0.978335
19642.000  0.981908
19644.000  0.97479
19646.000  0.983567
19648.000  0.97456
19650.000  0.984402
19652.000  0.979464
19654.000  0.990855
19656.000  0.993228
19658.000  0.986281
19660.000  0.983134
19662.000  0.98673
19664.000  0.985604
19666.000  0.980718
19668.000  0.987351
19670.000  0.980797
19672.000  0.965606
19674.000  0.970862
19676.000  0.985859
19678.000  0.992118
19680.000  0.975403
19682.000  0.984874
19684.000  0.961848
19686.000  0.9517
19688.000  0.990211
19690.000  0.980144
19692.000  0.988447
19694.000  0.973472
19696.000  0.981049
19698.000  0.989351
19700.000  0.966249
19702.000  0.965287
19704.000  0.99091
19706.000  0.994192
19708.000  0.983953
19710.000  0.85599
19712.000  0.778671
19714.000  0.931174
19716.000  0.968228
19718.000  0.966677
19720.000  0.970828
19722.000  0.865585
19724.000  0.902542
19726.000  0.983194
19728.000  0.950898
19730.000  0.962705
19732.000  0.961537
19734.000  0.923669
19736.000  0.969163
19738.000  0.962614
19740.000  0.9634
19742.000  0.972939
19744.000  0.983647
19746.000  0.978768
19748.000  0.970759
19750.000  0.978754
19752.000  0.957651
19754.000  0.975557
19756.000  0.964478
19758.000  0.96945
19760.000  0.98694
19762.000  0.978298
19764.000  0.983404
19766.000  0.977558
19768.000  0.971405
19770.000  0.946984
19772.000  0.948736
19774.000  0.945816
19776.000  0.718491
19778.000  0.756077
19780.000  0.956749
19782.000  0.98949
19784.000  0.996025
19786.000  0.98027
19788.000  0.972294
19790.000  0.966508
19792.000  0.862458
19794.000  0.961695
19796.000  0.987009
19798.000  0.983282
19800.000  0.98455
19802.000  0.979496
19804.000  0.970129
19806.000  0.979698
19808.000  0.990956
19810.000  0.997852
19812.000  0.996361
19814.000  0.965268
19816.000  0.953549
19818.000  0.967629
19820.000  0.970661
19822.000  0.978572
19824.000  0.977605
19826.000  0.986373
19828.000  0.988323
19830.000  0.995399
19832.000  0.982844
19834.000  0.985703
19836.000  0.996551
19838.000  0.983497
19840.000  0.972604
19842.000  0.988573
19844.000  0.993764
19846.000  0.977309
19848.000  0.971618
19850.000  0.951395
19852.000  0.877381
19854.000  0.882229
19856.000  0.99136
19858.000  0.994788
19860.000  0.95128
19862.000  0.776118
19864.000  0.911625
19866.000  0.97834
19868.000  0.9814
19870.000  0.9875
19872.000  0.986606
19874.000  0.988725
19876.000  0.985201
19878.000  0.991792
19880.000  0.979486
19882.000  0.95972
19884.000  0.969846
19886.000  0.972483
19888.000  0.985101
19890.000  0.982281
19892.000  0.981754
19894.000  0.986939
19896.000  0.983539
19898.000  0.985197
19900.000  0.99207
19902.000  0.982644
19904.000  0.98667
19906.000  0.99049
19908.000  0.993407
19910.000  0.988007
19912.000  0.971923
19914.000  0.968459
19916.000  0.912064
19918.000  0.86174
19920.000  0.964499
19922.000  0.96139
19924.000  0.954288
19926.000  0.963186
19928.000  0.935141
19930.000  0.955665
19932.000  0.95044
19934.000  0.859058
19936.000  0.976879
19938.000  0.99806
19940.000  0.988244
19942.000  0.987354
19944.000  0.980337
19946.000  0.960215
19948.000  0.9699
19950.000  0.960676
19952.000  0.983551
19954.000  0.978051
19956.000  0.966912
19958.000  0.987044
19960.000  0.962961
19962.000  0.888027
19964.000  0.980994
19966.000  0.998551
19968.000  0.990523
19970.000  0.957294
19972.000  0.94064
19974.000  0.929238
19976.000  0.951155
19978.000  0.9391
19980.000  0.966905
19982.000  0.973234
19984.000  0.996969
19986.000  0.994629
19988.000  0.983423
19990.000  0.986238
19992.000  0.968474
19994.000  0.979459
19996.000  0.983138
19998.000  0.96868
20000.000  0.968317
20002.000  0.9801
20004.000  0.97473
20006.000  0.975537
20008.000  0.961257
20010.000  0.964381
20012.000  0.966515
20014.000  0.982115
20016.000  0.985704
20018.000  0.9937
20020.000  0.976997
20022.000  0.970823
20024.000  0.9289
20026.000  0.942597
20028.000  0.964288
20030.000  0.968765
20032.000  0.96588
20034.000  0.968462
20036.000  0.971672
20038.000  0.985374
20040.000  0.987733
20042.000  0.989513
20044.000  0.994395
20046.000  0.994053
20048.000  0.98465
20050.000  0.95063
20052.000  0.945844
20054.000  0.949535
20056.000  0.969821
20058.000  0.98347
20060.000  0.990124
20062.000  0.992056
20064.000  0.992632
20066.000  0.990332
20068.000  0.990195
20070.000  0.960945
20072.000  0.970536
20074.000  0.97992
20076.000  0.983119
20078.000  0.977542
20080.000  0.977163
20082.000  0.986462
20084.000  0.981695
20086.000  0.976457
20088.000  0.969028
20090.000  0.978261
20092.000  0.974974
20094.000  0.970618
20096.000  0.986803
20098.000  0.988897
20100.000  0.995556
20102.000  0.988827
20104.000  0.984877
20106.000  0.989418
20108.000  0.988942
20110.000  0.966615
20112.000  0.969257
20114.000  0.98657
20116.000  0.996069
20118.000  0.9878
20120.000  0.971391
20122.000  0.98749
20124.000  0.971795
20126.000  0.972575
20128.000  0.988743
20130.000  0.962359
20132.000  0.978252
20134.000  0.986663
20136.000  0.971256
20138.000  0.990732
20140.000  0.997741
20142.000  0.991361
20144.000  0.992779
20146.000  0.98122
20148.000  0.987344
20150.000  0.993559
20152.000  0.972682
20154.000  0.97342
20156.000  0.984895
20158.000  0.977201
20160.000  0.992855
20162.000  0.995253
20164.000  0.972614
20166.000  0.965378
20168.000  0.960872
20170.000  0.93558
20172.000  0.972682
20174.000  0.972137
20176.000  0.988421
20178.000  0.98199
20180.000  0.966629
20182.000  0.984903
20184.000  0.9664
20186.000  0.964251
20188.000  0.969089
20190.000  0.979055
20192.000  0.988351
20194.000  0.981768
20196.000  0.974746
20198.000  0.962279
20200.000  0.974881
20202.000  0.981199
20204.000  0.968637
20206.000  0.935778
20208.000  0.933797
20210.000  0.909368
20212.000  0.953899
20214.000  0.972283
20216.000  0.970862
20218.000  0.969155
20220.000  0.983448
20222.000  0.98421
20224.000  0.978819
20226.000  0.981156
20228.000  0.984834
20230.000  0.983932
20232.000  0.987743
20234.000  0.989088
20236.000  0.986426
20238.000  0.943837
20240.000  0.812929
20242.000  0.811648
20244.000  0.960125
20246.000  0.984265
20248.000  0.975236
20250.000  0.962274
20252.000  0.977074
20254.000  0.978909
20256.000  0.962291
20258.000  0.982191
20260.000  0.995536
20262.000  0.987816
20264.000  0.957971
20266.000  0.973247
20268.000  0.991546
20270.000  0.986202
20272.000  0.974322
20274.000  0.985544
20276.000  0.987161
20278.000  0.977913
20280.000  0.943941
20282.000  0.9263
20284.000  0.958833
20286.000  0.961754
20288.000  0.959848
20290.000  0.971481
20292.000  0.976503
20294.000  0.949262
20296.000  0.908402
20298.000  0.945636
20300.000  0.954654
20302.000  0.915745
20304.000  0.974087
20306.000  0.986175
20308.000  0.985463
20310.000  0.987611
20312.000  0.97422
20314.000  0.963806
20316.000  0.970998
20318.000  0.966688
20320.000  0.967965
20322.000  0.985511
20324.000  0.983771
20326.000  0.978427
20328.000  0.981926
20330.000  0.986213
20332.000  0.977558
20334.000  0.965953
20336.000  0.97556
20338.000  0.961322
20340.000  0.974979
20342.000  0.958878
20344.000  0.892884
20346.000  0.946109
20348.000  0.967297
20350.000  0.923587
20352.000  0.959561
20354.000  0.973835
20356.000  0.997258
20358.000  0.991636
20360.000  0.99291
20362.000  0.989941
20364.000  0.971429
20366.000  0.970106
20368.000  0.967171
20370.000  0.974483
20372.000  0.972607
20374.000  0.96367
20376.000  0.957777
20378.000  0.931814
20380.000  0.96137
20382.000  0.946133
20384.000  0.961653
20386.000  0.965149
20388.000  0.990545
20390.000  0.979313
20392.000  0.973652
20394.000  0.975389
20396.000  0.969925
20398.000  0.988096
20400.000  0.986116
20402.000  0.981179
20404.000  0.978411
20406.000  0.966636
20408.000  0.981156
20410.000  0.978119
20412.000  0.962775
20414.000  0.970836
20416.000  0.983682
20418.000  0.970965
20420.000  0.965363
20422.000  0.98422
20424.000  0.969426
20426.000  0.979766
20428.000  0.981681
20430.000  0.98207
20432.000  0.981556
20434.000  0.979818
20436.000  0.976697
20438.000  0.97328
20440.000  0.964276
20442.000  0.9538
20444.000  0.973158
20446.000  0.96997
20448.000  0.98153
20450.000  0.984471
20452.000  0.969963
20454.000  0.975035
20456.000  0.981781
20458.000  0.972896
20460.000  0.99069
20462.000  0.981189
20464.000  0.986181
20466.000  0.984091
20468.000  0.953794
20470.000  0.955483
20472.000  0.968717
20474.000  0.980362
20476.000  0.984647
20478.000  0.985079
20480.000  0.974383
20482.000  0.968406
20484.000  0.97608
20486.000  0.991417
20488.000  0.978855
20490.000  0.953394
20492.000  0.972304
20494.000  0.986354
20496.000  0.981314
20498.000  0.980836
20500.000  0.986686
20502.000  0.965879
20504.000  0.964913
20506.000  0.968673
20508.000  0.982771
20510.000  0.982761
20512.000  0.983124
20514.000  0.991516
20516.000  0.981895
20518.000  0.990693
20520.000  0.969148
20522.000  0.933046
20524.000  0.970273
20526.000  0.975498
20528.000  0.969776
20530.000  0.971645
20532.000  0.979729
20534.000  0.968885
20536.000  0.983417
20538.000  0.957401
20540.000  0.963462
20542.000  0.961905
20544.000  0.975311
20546.000  0.981726
20548.000  0.962068
20550.000  0.977853
20552.000  0.986159
20554.000  0.962975
20556.000  0.963122
20558.000  0.970794
20560.000  0.971198
20562.000  0.965079
20564.000  0.958075
20566.000  0.978391
20568.000  0.985359
20570.000  0.98247
20572.000  0.979196
20574.000  0.98511
20576.000  0.969029
20578.000  0.971577
20580.000  0.971717
20582.000  0.941105
20584.000  0.92824
20586.000  0.960206
20588.000  0.973451
20590.000  0.986721
20592.000  0.992395
20594.000  0.968137
20596.000  0.954115
20598.000  0.961592
20600.000  0.9671
20602.000  0.937347
20604.000  0.951696
20606.000  0.970806
20608.000  0.960203
20610.000  0.981085
20612.000  0.983992
20614.000  0.983698
20616.000  0.983518
20618.000  0.985009
20620.000  0.982362
20622.000  0.996925
20624.000  0.998599
20626.000  0.949787
20628.000  0.849606
20630.000  0.894379
20632.000  0.813672
20634.000  0.939996
20636.000  0.966261
20638.000  0.961478
20640.000  0.960908
20642.000  0.963961
20644.000  0.973573
20646.000  0.981713
20648.000  0.979891
20650.000  0.970689
20652.000  0.97783
20654.000  0.992223
20656.000  0.984128
20658.000  0.976784
20660.000  0.991139
20662.000  0.996304
20664.000  0.992302
20666.000  0.975358
20668.000  0.957795
20670.000  0.968568
20672.000  0.991892
20674.000  0.990731
20676.000  0.974561
20678.000  0.991241
20680.000  0.990372
20682.000  0.982045
20684.000  0.973997
20686.000  0.982847
20688.000  0.98759
20690.000  0.985034
20692.000  0.962099
20694.000  0.955054
20696.000  0.958045
20698.000  0.884524
20700.000  0.925573
20702.000  0.951306
20704.000  0.967398
20706.000  0.979836
20708.000  0.979524
20710.000  0.981454
20712.000  0.964115
20714.000  0.969111
20716.000  0.960783
20718.000  0.963384
20720.000  0.992879
20722.000  0.980562
20724.000  0.978745
20726.000  0.990067
20728.000  0.997154
20730.000  0.99263
20732.000  0.97928
20734.000  0.967241
20736.000  0.969014
20738.000  0.970348
20740.000  0.975526
20742.000  0.964668
20744.000  0.971741
20746.000  0.986589
20748.000  0.985749
20750.000  0.975575
20752.000  0.976128
20754.000  0.979043
20756.000  0.986059
20758.000  0.991336
20760.000  0.98373
20762.000  0.961554
20764.000  0.983557
20766.000  0.988486
20768.000  0.971564
20770.000  0.988061
20772.000  0.979169
20774.000  0.96485
20776.000  0.983802
20778.000  0.977815
20780.000  0.978332
20782.000  0.984428
20784.000  0.994193
20786.000  0.977555
20788.000  0.931672
20790.000  0.978
20792.000  0.978027
20794.000  0.982442
20796.000  0.980766
20798.000  0.950552
20800.000  0.931067
20802.000  0.971968
20804.000  0.963942
20806.000  0.968413
20808.000  0.969936
20810.000  0.970782
20812.000  0.973912
20814.000  0.968218
20816.000  0.971781
20818.000  0.968831
20820.000  0.948359
20822.000  0.977483
20824.000  0.97982
20826.000  0.9709
20828.000  0.960082
20830.000  0.977706
20832.000  0.94963
20834.000  0.941627
20836.000  0.989073
20838.000  0.995224
20840.000  0.959091
20842.000  0.959148
20844.000  0.974708
20846.000  0.979307
20848.000  0.978006
20850.000  0.976367
20852.000  0.980223
20854.000  0.982258
20856.000  0.989415
20858.000  0.997198
20860.000  0.980896
20862.000  0.978413
20864.000  0.982631
20866.000  0.977785
20868.000  0.981184
20870.000  0.989014
20872.000  0.987397
20874.000  0.976431
20876.000  0.964151
20878.000  0.966657
20880.000  0.971955
20882.000  0.973374
20884.000  0.980186
20886.000  0.929701
20888.000  0.9458
20890.000  0.972231
20892.000  0.981886
20894.000  0.995069
20896.000  0.992481
20898.000  0.986819
20900.000  0.983853
20902.000  0.96563
20904.000  0.95699
20906.000  0.955306
20908.000  0.965828
20910.000  0.982785
20912.000  0.982683
20914.000  0.984838
20916.000  0.932546
20918.000  0.917179
20920.000  0.985643
20922.000  0.980706
20924.000  0.983337
20926.000  0.961427
20928.000  0.95761
20930.000  0.964907
20932.000  0.991528
20934.000  0.991484
20936.000  0.987053
20938.000  0.962066
20940.000  0.982634
20942.000  0.992691
20944.000  0.98103
20946.000  0.98762
20948.000  0.967409
20950.000  0.969257
20952.000  0.963864
20954.000  0.961937
20956.000  0.961776
20958.000  0.973927
20960.000  0.984102
20962.000  0.93214
20964.000  0.955388
20966.000  0.992476
20968.000  0.994461
20970.000  0.965686
20972.000  0.920167
20974.000  0.952747
20976.000  0.99302
20978.000  0.997091
20980.000  0.997252
20982.000  0.988604
20984.000  0.978432
20986.000  0.983126
20988.000  0.983098
20990.000  0.961041
20992.000  0.961326
20994.000  0.97873
20996.000  0.975896
20998.000  0.988768
21000.000  0.992899
21002.000  0.997438
21004.000  0.98804
21006.000  0.958585
21008.000  0.968312
21010.000  0.966832
21012.000  0.963735
21014.000  0.967974
21016.000  0.974754
21018.000  0.986656
21020.000  0.979952
21022.000  0.972351
21024.000  0.969969
21026.000  0.989176
21028.000  0.986857
21030.000  0.985691
21032.000  0.976018
21034.000  0.98154
21036.000  0.989032
21038.000  0.994109
21040.000  0.985868
21042.000  0.969744
21044.000  0.971868
21046.000  0.974665
21048.000  0.989034
21050.000  0.978258
21052.000  0.979303
21054.000  0.987177
21056.000  0.977403
21058.000  0.980325
21060.000  0.980696
21062.000  0.974733
21064.000  0.956695
21066.000  0.922683
21068.000  0.971472
21070.000  0.967157
21072.000  0.963285
21074.000  0.973108
21076.000  0.978476
21078.000  0.978009
21080.000  0.975529
21082.000  0.973354
21084.000  0.969804
21086.000  0.974401
21088.000  0.979624
21090.000  0.970454
21092.000  0.897188
21094.000  0.900335
21096.000  0.97103
21098.000  0.982725
21100.000  0.985147
21102.000  0.985794
21104.000  0.977143
21106.000  0.976274
21108.000  0.972127
21110.000  0.973608
21112.000  0.970131
21114.000  0.968343
21116.000  0.992399
21118.000  0.981177
21120.000  0.969254
21122.000  0.980808
21124.000  0.961879
21126.000  0.978544
21128.000  0.979235
21130.000  0.981836
21132.000  0.987267
21134.000  0.986629
21136.000  0.987727
21138.000  0.984084
21140.000  0.957981
21142.000  0.975881
21144.000  0.981674
21146.000  0.975679
21148.000  0.973276
21150.000  0.980501
21152.000  0.981833
21154.000  0.97003
21156.000  0.964173
21158.000  0.982213
21160.000  0.967361
21162.000  0.929075
21164.000  0.845202
21166.000  0.959266
21168.000  0.977296
21170.000  0.98987
21172.000  0.987677
21174.000  0.981536
21176.000  0.983854
21178.000  0.939685
21180.000  0.968458
21182.000  0.989531
21184.000  0.99126
21186.000  0.984192
21188.000  0.986844
21190.000  0.97825
21192.000  0.962427
21194.000  0.960623
21196.000  0.952838
21198.000  0.979976
21200.000  0.979663
21202.000  0.968988
21204.000  0.968098
21206.000  0.970648
21208.000  0.976595
21210.000  0.973737
21212.000  0.967823
21214.000  0.982459
21216.000  0.985622
21218.000  0.984435
21220.000  0.986282
21222.000  0.986486
21224.000  0.981106
21226.000  0.956657
21228.000  0.983882
21230.000  0.994528
21232.000  0.964214
21234.000  0.942719
21236.000  0.98425
21238.000  0.942632
21240.000  0.969345
21242.000  0.989354
21244.000  0.960807
21246.000  0.956493
21248.000  0.972793
21250.000  0.981916
21252.000  0.991624
21254.000  0.984401
21256.000  0.986709
21258.000  0.97899
21260.000  0.93021
21262.000  0.959694
21264.000  0.98874
21266.000  0.972333
21268.000  0.975561
21270.000  0.991696
21272.000  0.991368
21274.000  0.978823
21276.000  0.972066
21278.000  0.979545
21280.000  0.980079
21282.000  0.978578
21284.000  0.9558
21286.000  0.972849
21288.000  0.978671
21290.000  0.968103
21292.000  0.981025
21294.000  0.991273
21296.000  0.972607
21298.000  0.970422
21300.000  0.9825
21302.000  0.995156
21304.000  0.992888
21306.000  0.986972
21308.000  0.966958
21310.000  0.954704
21312.000  0.985673
21314.000  0.986327
21316.000  0.985517
21318.000  0.97528
21320.000  0.976761
21322.000  0.984541
21324.000  0.981226
21326.000  0.98522
21328.000  0.985916
21330.000  0.992707
21332.000  0.971861
21334.000  0.981076
21336.000  0.983302
21338.000  0.96562
21340.000  0.96939
21342.000  0.982387
21344.000  0.977888
21346.000  0.979102
21348.000  0.984399
21350.000  0.962286
21352.000  0.956133
21354.000  0.885645
21356.000  0.939658
21358.000  0.989055
21360.000  0.992923
21362.000  0.977773
21364.000  0.976288
21366.000  0.98763
21368.000  0.982243
21370.000  0.988161
21372.000  0.980363
21374.000  0.978937
21376.000  0.982285
21378.000  0.986104
21380.000  0.981731
21382.000  0.985945
21384.000  0.984231
21386.000  0.977007
21388.000  0.98295
21390.000  0.979985
21392.000  0.984369
21394.000  0.985661
21396.000  0.974192
21398.000  0.966287
21400.000  0.982168
21402.000  0.991234
21404.000  0.979951
21406.000  0.973967
21408.000  0.987034
21410.000  0.994502
21412.000  0.979086
21414.000  0.974324
21416.000  0.976667
21418.000  0.978792
21420.000  0.981115
21422.000  0.991303
21424.000  0.98753
21426.000  0.980674
21428.000  0.981518
21430.000  0.990872
21432.000  0.989661
21434.000  0.982734
21436.000  0.975818
21438.000  0.977338
21440.000  0.982268
21442.000  0.988787
21444.000  0.987868
21446.000  0.991279
21448.000  0.982036
21450.000  0.973146
21452.000  0.94779
21454.000  0.957352
21456.000  0.969152
21458.000  0.966406
21460.000  0.964901
21462.000  0.980191
21464.000  0.971759
21466.000  0.983097
21468.000  0.98696
21470.000  0.983011
21472.000  0.976204
21474.000  0.98355
21476.000  0.985472
21478.000  0.983624
21480.000  0.986624
21482.000  0.986121
21484.000  0.961916
21486.000  0.94754
21488.000  0.96177
21490.000  0.982042
21492.000  0.987817
21494.000  0.990544
21496.000  0.993304
21498.000  0.988214
21500.000  0.989641
21502.000  0.988339
21504.000  0.988834
21506.000  0.984349
21508.000  0.982892
21510.000  0.982973
21512.000  0.988061
21514.000  0.979623
21516.000  0.970493
21518.000  0.981644
21520.000  0.979838
21522.000  0.96633
21524.000  0.971787
21526.000  0.977598
21528.000  0.97947
21530.000  0.988746
21532.000  0.986698
21534.000  0.977082
21536.000  0.977303
21538.000  0.973533
21540.000  0.967356
21542.000  0.968671
21544.000  0.969518
21546.000  0.992803
21548.000  0.9874
21550.000  0.986769
21552.000  0.990747
21554.000  0.994708
21556.000  0.983277
21558.000  0.980134
21560.000  0.987403
21562.000  0.980067
21564.000  0.941946
21566.000  0.973298
21568.000  0.99537
21570.000  0.99241
21572.000  0.983313
21574.000  0.967605
21576.000  0.97601
21578.000  0.980687
21580.000  0.983979
21582.000  0.978463
21584.000  0.978435
21586.000  0.965795
21588.000  0.982734
21590.000  0.985669
21592.000  0.977726
21594.000  0.961794
21596.000  0.968155
21598.000  0.977851
21600.000  0.98899
21602.000  0.984562
21604.000  0.984172
21606.000  0.983436
21608.000  0.988091
21610.000  0.993534
21612.000  0.984259
21614.000  0.974755
21616.000  0.986962
21618.000  0.991218
21620.000  0.988856
21622.000  0.979966
21624.000  0.993113
21626.000  0.993435
21628.000  0.976213
21630.000  0.975979
21632.000  0.985551
21634.000  0.969102
21636.000  0.972405
21638.000  0.970143
21640.000  0.960895
21642.000  0.97935
21644.000  0.974272
21646.000  0.969473
21648.000  0.960698
21650.000  0.962524
21652.000  0.949526
21654.000  0.906209
21656.000  0.899943
21658.000  0.935381
21660.000  0.954618
21662.000  0.971293
21664.000  0.982132
21666.000  0.977771
21668.000  0.962769
21670.000  0.956757
21672.000  0.968036
21674.000  0.960522
21676.000  0.975478
21678.000  0.979557
21680.000  0.986351
21682.000  0.990142
21684.000  0.992777
21686.000  0.988848
21688.000  0.992485
21690.000  0.989732
21692.000  0.98618
21694.000  0.985523
21696.000  0.985471
21698.000  0.979252
21700.000  0.985251
21702.000  0.97891
21704.000  0.96772
21706.000  0.958592
21708.000  0.95794
21710.000  0.987385
21712.000  0.992222
21714.000  0.964651
21716.000  0.975894
21718.000  0.985703
21720.000  0.993164
21722.000  0.987369
21724.000  0.97782
21726.000  0.977283
21728.000  0.962343
21730.000  0.803903
21732.000  0.912225
21734.000  0.979809
21736.000  0.974153
21738.000  0.988084
21740.000  0.986498
21742.000  0.985193
21744.000  0.989281
21746.000  0.989474
21748.000  0.987113
21750.000  0.979614
21752.000  0.989554
21754.000  0.98071
21756.000  0.970116
21758.000  0.968485
21760.000  0.946465
21762.000  0.962318
21764.000  0.989076
21766.000  0.974659
21768.000  0.964868
21770.000  0.976011
21772.000  0.981714
21774.000  0.982895
21776.000  0.987521
21778.000  0.963003
21780.000  0.89493
21782.000  0.850408
21784.000  0.909113
21786.000  0.98393
21788.000  0.976754
21790.000  0.981945
21792.000  0.988198
21794.000  0.967003
21796.000  0.98315
21798.000  0.994725
21800.000  0.993652
21802.000  0.987045
21804.000  0.983613
21806.000  0.979321
21808.000  0.985204
21810.000  0.95336
21812.000  0.847701
21814.000  0.950527
21816.000  0.957858
21818.000  0.944135
21820.000  0.916808
21822.000  0.976985
21824.000  0.98453
21826.000  0.977649
21828.000  0.988099
21830.000  0.994407
21832.000  0.989719
21834.000  0.979412
21836.000  0.980495
21838.000  0.97947
21840.000  0.973234
21842.000  0.966272
21844.000  0.978866
21846.000  0.988172
21848.000  0.980961
21850.000  0.987481
21852.000  0.979226
21854.000  0.977381
21856.000  0.982877
21858.000  0.98717
21860.000  0.99268
21862.000  0.978794
21864.000  0.976919
21866.000  0.983697
21868.000  0.992018
21870.000  0.986386
21872.000  0.980031
21874.000  0.96423
21876.000  0.976556
21878.000  0.930243
21880.000  0.913158
21882.000  0.985313
21884.000  0.986538
21886.000  0.992019
21888.000  0.994497
21890.000  0.984479
21892.000  0.98535
21894.000  0.954703
21896.000  0.892746
21898.000  0.887214
21900.000  0.981965
21902.000  0.985031
21904.000  0.980164
21906.000  0.975239
21908.000  0.981609
21910.000  0.982535
21912.000  0.994821
21914.000  0.991752
21916.000  0.988246
21918.000  0.984933
21920.000  0.988684
21922.000  0.990558
21924.000  0.981751
21926.000  0.980127
21928.000  0.987213
21930.000  0.992151
21932.000  0.984523
21934.000  0.976568
21936.000  0.978609
21938.000  0.986517
21940.000  0.977623
21942.000  0.97536
21944.000  0.988534
21946.000  0.98211
21948.000  0.982821
21950.000  0.984173
21952.000  0.990577
21954.000  0.978704
21956.000  0.984995
21958.000  0.995847
21960.000  0.991474
21962.000  0.987243
21964.000  0.986705
21966.000  0.987146
21968.000  0.987587
21970.000  0.977242
21972.000  0.977632
21974.000  0.97954
21976.000  0.980257
21978.000  0.986064
21980.000  0.980989
21982.000  0.973313
21984.000  0.989953
21986.000  0.988969
21988.000  0.984495
21990.000  0.989542
21992.000  0.990288
21994.000  0.990832
21996.000  0.982127
21998.000  0.989158
22000.000  0.988832
22002.000  0.971567
22004.000  0.890945
22006.000  0.95169
22008.000  0.984998
22010.000  0.985078
22012.000  0.978299
22014.000  0.977675
22016.000  0.985631
22018.000  0.988011
22020.000  0.981054
22022.000  0.982166
22024.000  0.974214
22026.000  0.984693
22028.000  0.985284
22030.000  0.982357
22032.000  0.986086
22034.000  0.99488
22036.000  0.99867
22038.000  0.99865
22040.000  0.991165
22042.000  0.983043
22044.000  0.978577
22046.000  0.985425
22048.000  0.983775
22050.000  0.860431
22052.000  0.614571
22054.000  0.854307
22056.000  0.844782
22058.000  0.92263
22060.000  0.972495
22062.000  0.897238
22064.000  0.736495
22066.000  0.749115
22068.000  0.944636
22070.000  0.982221
22072.000  0.971755
22074.000  0.976617
22076.000  0.985044
22078.000  0.983337
22080.000  0.980714
22082.000  0.936411
22084.000  0.858294
22086.000  0.968203
22088.000  0.979188
22090.000  0.972096
22092.000  0.965051
22094.000  0.985974
22096.000  0.988829
22098.000  0.98606
22100.000  0.978028
22102.000  0.983124
22104.000  0.986372
22106.000  0.985894
22108.000  0.997258
22110.000  0.995664
22112.000  0.978763
22114.000  0.985237
22116.000  0.992013
22118.000  0.983107
22120.000  0.983083
22122.000  0.985445
22124.000  0.991679
22126.000  0.981805
22128.000  0.986453
22130.000  0.990605
22132.000  0.992044
22134.000  0.986802
22136.000  0.977869
22138.000  0.979189
22140.000  0.989975
22142.000  0.988968
22144.000  0.985808
22146.000  0.975776
22148.000  0.984488
22150.000  0.985958
22152.000  0.984875
22154.000  0.988505
22156.000  0.976686
22158.000  0.970154
22160.000  0.979211
22162.000  0.989459
22164.000  0.994015
22166.000  0.988481
22168.000  0.990264
22170.000  0.993809
22172.000  0.989097
22174.000  0.994365
22176.000  0.983861
22178.000  0.960961
22180.000  0.984337
22182.000  0.995307
22184.000  0.996305
22186.000  0.992126
22188.000  0.988495
22190.000  0.992379
22192.000  0.986594
22194.000  0.976888
22196.000  0.987137
22198.000  0.983059
22200.000  0.986702
22202.000  0.984271
22204.000  0.982999
22206.000  0.91883
22208.000  0.902634
22210.000  0.897988
22212.000  0.936765
22214.000  0.987699
22216.000  0.979166
22218.000  0.978058
22220.000  0.984265
22222.000  0.995815
22224.000  0.999636
22226.000  0.996866
22228.000  0.983484
22230.000  0.981297
22232.000  0.91337
22234.000  0.911157
22236.000  0.973821
22238.000  0.985149
22240.000  0.991933
22242.000  0.985788
22244.000  0.980287
22246.000  0.986518
22248.000  0.990294
22250.000  0.992431
22252.000  0.982897
22254.000  0.983189
22256.000  0.942267
22258.000  0.923867
22260.000  0.923907
22262.000  0.964137
22264.000  0.974173
22266.000  0.897503
22268.000  0.923938
22270.000  0.985524
22272.000  0.970768
22274.000  0.887115
22276.000  0.946313
22278.000  0.934623
22280.000  0.971965
22282.000  0.988663
22284.000  0.994079
22286.000  0.993315
22288.000  0.987836
22290.000  0.987685
22292.000  0.987644
22294.000  0.978243
22296.000  0.967846
22298.000  0.945305
22300.000  0.973979
22302.000  0.982717
22304.000  0.991591
22306.000  0.987507
22308.000  0.954153
22310.000  0.890916
22312.000  0.963293
22314.000  0.993285
22316.000  0.987307
22318.000  0.989096
22320.000  0.994154
22322.000  0.993721
22324.000  0.993812
22326.000  0.994471
22328.000  0.998496
22330.000  0.995029
22332.000  0.98972
22334.000  0.989386
22336.000  0.987283
22338.000  0.985873
22340.000  0.979212
22342.000  0.979916
22344.000  0.991647
22346.000  0.983947
22348.000  0.979319
22350.000  0.986811
22352.000  0.987912
22354.000  0.986093
22356.000  0.988315
22358.000  0.985091
22360.000  0.978066
22362.000  0.990308
22364.000  0.994621
22366.000  0.989673
22368.000  0.985469
22370.000  0.986553
22372.000  0.983553
22374.000  0.981332
22376.000  0.978861
22378.000  0.976906
22380.000  0.916303
22382.000  0.937747
22384.000  0.974034
22386.000  0.974622
22388.000  0.974594
22390.000  0.925853
22392.000  0.924092
22394.000  0.803648
22396.000  0.903574
22398.000  0.985717
22400.000  0.982606
22402.000  0.987985
22404.000  0.982821
22406.000  0.987592
22408.000  0.989933
22410.000  0.991419
22412.000  0.993434
22414.000  0.981802
22416.000  0.982187
22418.000  0.981388
22420.000  0.953559
22422.000  0.976574
22424.000  0.979818
22426.000  0.98118
22428.000  0.985989
22430.000  0.987265
22432.000  0.985966
22434.000  0.989645
22436.000  0.989778
22438.000  0.9892
22440.000  0.987553
22442.000  0.955119
22444.000  0.918875
22446.000  0.986415
22448.000  0.998823
22450.000  0.99496
22452.000  0.990721
22454.000  0.985183
22456.000  0.982405
22458.000  0.990158
22460.000  0.987016
22462.000  0.981586
22464.000  0.985556
22466.000  0.994903
22468.000  0.986392
22470.000  0.984062
22472.000  0.946375
22474.000  0.926106
22476.000  0.984578
22478.000  0.979086
22480.000  0.983547
22482.000  0.99309
22484.000  0.982724
22486.000  0.987862
22488.000  0.971292
22490.000  0.983199
22492.000  0.983289
22494.000  0.976518
22496.000  0.991696
22498.000  0.990034
22500.000  0.991739
22502.000  0.986351
22504.000  0.984936
22506.000  0.984949
22508.000  0.98153
22510.000  0.989429
22512.000  0.989739
22514.000  0.981699
22516.000  0.986744
22518.000  0.983599
22520.000  0.988779
22522.000  0.987553
22524.000  0.990365
22526.000  0.987376
22528.000  0.994404
22530.000  0.99891
22532.000  0.994237
22534.000  0.979286
22536.000  0.946154
22538.000  0.922075
22540.000  0.980603
22542.000  0.976419
22544.000  0.945663
22546.000  0.981506
22548.000  0.987081
22550.000  0.991084
22552.000  0.975558
22554.000  0.984982
22556.000  0.988398
22558.000  0.992338
22560.000  0.991385
22562.000  0.989817
22564.000  0.977665
22566.000  0.988748
22568.000  0.989431
22570.000  0.98286
22572.000  0.987146
22574.000  0.985898
22576.000  0.989675
22578.000  0.992873
22580.000  0.989386
22582.000  0.990961
22584.000  0.991799
22586.000  0.987943
22588.000  0.99235
22590.000  0.992294
22592.000  0.984854
22594.000  0.98499
22596.000  0.985792
22598.000  0.98599
22600.000  0.992747
22602.000  0.997425
22604.000  0.993399
22606.000  0.979649
22608.000  0.935939
22610.000  0.955447
22612.000  0.967226
22614.000  0.984206
22616.000  0.980312
22618.000  0.953857
22620.000  0.862886
22622.000  0.930362
22624.000  0.947652
22626.000  0.936822
22628.000  0.976715
22630.000  0.983689
22632.000  0.96357
22634.000  0.966635
22636.000  0.897765
22638.000  0.911695
22640.000  0.986204
22642.000  0.988238
22644.000  0.984743
22646.000  0.990221
22648.000  0.992647
22650.000  0.951558
22652.000  0.932092
22654.000  0.966173
22656.000  0.87286
22658.000  0.903528
22660.000  0.983376
22662.000  0.993226
22664.000  0.990773
22666.000  0.983723
22668.000  0.98823
22670.000  0.994272
22672.000  0.990347
22674.000  0.989152
22676.000  0.987177
22678.000  0.988198
22680.000  0.982769
22682.000  0.981534
22684.000  0.981172
22686.000  0.985272
22688.000  0.993015
22690.000  0.98945
22692.000  0.98126
22694.000  0.994546
22696.000  0.987714
22698.000  0.986513
22700.000  0.980639
22702.000  0.981842
22704.000  0.992792
22706.000  0.99141
22708.000  0.978758
22710.000  0.994877
22712.000  0.99018
22714.000  0.986388
22716.000  0.992565
22718.000  0.988677
22720.000  0.992669
22722.000  0.997314
22724.000  0.996048
22726.000  0.991431
22728.000  0.987704
22730.000  0.987452
22732.000  0.993289
22734.000  0.990033
22736.000  0.989147
22738.000  0.989496
22740.000  0.947514
22742.000  0.974336
22744.000  0.992277
22746.000  0.994237
22748.000  0.981934
22750.000  0.982694
22752.000  0.983292
22754.000  0.980839
22756.000  0.995193
22758.000  0.986709
22760.000  0.976395
22762.000  0.981128
22764.000  0.993286
22766.000  0.997004
22768.000  0.99947
22770.000  0.998997
22772.000  0.992829
22774.000  0.9869
22776.000  0.98769
22778.000  0.994306
22780.000  0.9974
22782.000  0.990391
22784.000  0.985494
22786.000  0.990641
22788.000  0.994134
22790.000  0.987728
22792.000  0.987284
22794.000  0.993665
22796.000  0.992396
22798.000  0.992851
22800.000  0.992985
22802.000  0.993814
22804.000  0.986401
22806.000  0.946591
22808.000  0.84791
22810.000  0.953657
22812.000  0.984142
22814.000  0.991268
22816.000  0.992342
22818.000  0.978127
22820.000  0.943177
22822.000  0.947282
22824.000  0.981939
22826.000  0.984838
22828.000  0.985868
22830.000  0.988223
22832.000  0.95131
22834.000  0.972345
22836.000  0.992921
22838.000  0.994366
22840.000  0.990377
22842.000  0.986625
22844.000  0.98487
22846.000  0.955492
22848.000  0.984199
22850.000  0.987186
22852.000  0.990152
22854.000  0.993732
22856.000  0.985803
22858.000  0.978605
22860.000  0.992442
22862.000  0.993494
22864.000  0.991203
22866.000  0.997182
22868.000  0.990368
22870.000  0.985139
22872.000  0.984922
22874.000  0.993425
22876.000  0.99597
22878.000  0.995418
22880.000  0.988116
22882.000  0.988241
22884.000  0.988707
22886.000  0.995386
22888.000  0.992953
22890.000  0.978206
22892.000  0.985869
22894.000  0.9912
22896.000  0.987882
22898.000  0.985915
22900.000  0.982923
22902.000  0.990694
22904.000  0.993576
22906.000  0.983463
22908.000  0.986399
22910.000  0.994634
22912.000  0.992554
22914.000  0.984563
22916.000  0.985178
22918.000  0.992974
22920.000  0.993583
22922.000  0.990644
22924.000  0.985991
22926.000  0.965515
22928.000  0.762957
22930.000  0.482394
22932.000  0.514176
22934.000  0.57949
22936.000  0.625848
22938.000  0.659059
22940.000  0.672428
22942.000  0.720142
22944.000  0.690853
22946.000  0.763489
22948.000  0.716686
22950.000  0.79229
22952.000  0.714774
22954.000  0.844246
22956.000  0.700345
22958.000  0.866621
22960.000  0.757895
22962.000  0.720092
22964.000  0.791821
22966.000  0.683324
22968.000  0.861342
22970.000  0.889257
22972.000  0.705729
22974.000  0.897411
22976.000  0.912299
22978.000  0.710363
22980.000  0.879703
22982.000  0.949205
22984.000  0.69203
22986.000  0.549119
22988.000  0.851534
22990.000  0.868925
22992.000  0.733733
22994.000  0.937795
22996.000  0.968583
22998.000  0.799948
23000.000  0.801801
23002.000  0.975658
23004.000  0.971844
23006.000  0.801914
23008.000  0.843114
23010.000  0.980985
23012.000  0.977671
23014.000  0.835868
23016.000  0.835707
23018.000  0.979696
23020.000  0.983501
23022.000  0.889536
23024.000  0.800375
23026.000  0.954064
23028.000  0.982012
23030.000  0.955855
23032.000  0.779876
23034.000  0.871792
23036.000  0.977259
23038.000  0.973702
23040.000  0.903216
23042.000  0.735257
23044.000  0.913787
23046.000  0.975803
23048.000  0.979031
23050.000  0.872369
23052.000  0.730881
23054.000  0.92351
23056.000  0.985796
23058.000  0.982559
23060.000  0.896687
23062.000  0.743221
23064.000  0.899744
23066.000  0.979982
23068.000  0.985796
23070.000  0.945004
23072.000  0.772739
23074.000  0.838648
23076.000  0.962126
23078.000  0.980922
23080.000  0.97674
23082.000  0.850703
23084.000  0.79343
23086.000  0.907555
23088.000  0.983478
23090.000  0.985854
23092.000  0.946696
23094.000  0.797684
23096.000  0.851835
23098.000  0.925463
23100.000  0.988702
23102.000  0.989109
23104.000  0.942031
23106.000  0.797533
23108.000  0.883899
23110.000  0.917878
23112.000  0.981189
23114.000  0.991494
23116.000  0.955471
23118.000  0.780422
23120.000  0.803495
23122.000  0.889684
23124.000  0.969885
23126.000  0.989441
23128.000  0.96703
23130.000  0.825596
23132.000  0.866751
23134.000  0.939399
23136.000  0.930245
23138.000  0.985484
23140.000  0.988727
23142.000  0.911064
23144.000  0.766982
23146.000  0.928648
23148.000  0.937455
23150.000  0.942793
23152.000  0.98801
23154.000  0.98099
23156.000  0.855333
23158.000  0.845086
23160.000  0.971685
23162.000  0.933808
23164.000  0.888027
23166.000  0.966681
23168.000  0.974887
23170.000  0.83767
23172.000  0.860023
23174.000  0.960078
23176.000  0.948699
23178.000  0.922711
23180.000  0.975138
23182.000  0.962772
23184.000  0.854074
23186.000  0.856932
23188.000  0.954831
23190.000  0.930851
23192.000  0.915291
23194.000  0.958747
23196.000  0.989343
23198.000  0.906115
23200.000  0.821234
23202.000  0.961688
23204.000  0.978343
23206.000  0.978599
23208.000  0.937885
23210.000  0.973786
23212.000  0.962341
23214.000  0.8172
23216.000  0.886634
23218.000  0.913921
23220.000  0.619313
23222.000  0.44608
23224.000  0.498143
23226.000  0.553924
23228.000  0.58144
23230.000  0.588528
23232.000  0.659592
23234.000  0.662215
23236.000  0.706045
23238.000  0.705301
23240.000  0.735612
23242.000  0.713813
23244.000  0.748789
23246.000  0.624782
23248.000  0.822189
23250.000  0.707723
23252.000  0.792715
23254.000  0.788269
23256.000  0.672918
23258.000  0.840683
23260.000  0.783913
23262.000  0.699713
23264.000  0.905538
23266.000  0.815125
23268.000  0.720961
23270.000  0.913566
23272.000  0.870379
23274.000  0.702582
23276.000  0.844791
23278.000  0.789323
23280.000  0.67646
23282.000  0.76612
23284.000  0.955055
23286.000  0.902686
23288.000  0.708071
23290.000  0.84267
23292.000  0.935017
23294.000  0.84226
23296.000  0.645561
23298.000  0.862972
23300.000  0.975061
23302.000  0.90802
23304.000  0.704101
23306.000  0.846554
23308.000  0.91468
23310.000  0.905145
23312.000  0.719562
23314.000  0.772479
23316.000  0.960066
23318.000  0.976572
23320.000  0.892259
23322.000  0.72132
23324.000  0.913444
23326.000  0.982568
23328.000  0.950496
23330.000  0.759015
23332.000  0.729841
23334.000  0.945785
23336.000  0.983291
23338.000  0.974178
23340.000  0.844426
23342.000  0.806843
23344.000  0.963694
23346.000  0.966416
23348.000  0.80091
23350.000  0.724384
23352.000  0.777831
23354.000  0.957825
23356.000  0.989918
23358.000  0.988369
23360.000  0.922674
23362.000  0.734238
23364.000  0.887462
23366.000  0.930121
23368.000  0.832811
23370.000  0.935663
23372.000  0.816958
23374.000  0.749053
23376.000  0.944251
23378.000  0.901128
23380.000  0.890234
23382.000  0.945636
23384.000  0.761005
23386.000  0.703154
23388.000  0.868109
23390.000  0.966535
23392.000  0.984559
23394.000  0.947287
23396.000  0.775835
23398.000  0.815214
23400.000  0.95331
23402.000  0.956041
23404.000  0.736174
23406.000  0.693736
23408.000  0.737652
23410.000  0.802059
23412.000  0.914752
23414.000  0.985596
23416.000  0.987559
23418.000  0.978003
23420.000  0.855912
23422.000  0.812081
23424.000  0.879194
23426.000  0.862686
23428.000  0.950126
23430.000  0.977121
23432.000  0.93329
23434.000  0.791074
23436.000  0.886978
23438.000  0.906134
23440.000  0.919642
23442.000  0.904372
23444.000  0.971259
23446.000  0.860617
23448.000  0.761341
23450.000  0.918399
23452.000  0.899726
23454.000  0.953755
23456.000  0.990254
23458.000  0.980555
23460.000  0.895655
23462.000  0.798129
23464.000  0.947488
23466.000  0.930089
23468.000  0.937217
23470.000  0.982661
23472.000  0.963293
23474.000  0.906966
23476.000  0.786258
23478.000  0.931243
23480.000  0.969673
23482.000  0.919739
23484.000  0.969406
23486.000  0.980375
23488.000  0.900029
23490.000  0.782848
23492.000  0.868016
23494.000  0.977709
23496.000  0.96178
23498.000  0.914119
23500.000  0.970953
23502.000  0.986763
23504.000  0.919914
23506.000  0.799473
23508.000  0.923797
23510.000  0.879759
23512.000  0.921911
23514.000  0.918465
23516.000  0.903116
23518.000  0.618532
23520.000  0.438426
23522.000  0.470204
23524.000  0.554013
23526.000  0.604746
23528.000  0.63368
23530.000  0.616185
23532.000  0.609941
23534.000  0.662673
23536.000  0.671873
23538.000  0.601974
23540.000  0.756636
23542.000  0.722351
23544.000  0.796097
23546.000  0.747238
23548.000  0.776874
23550.000  0.816158
23552.000  0.6834
23554.000  0.593666
23556.000  0.701064
23558.000  0.748327
23560.000  0.880415
23562.000  0.81745
23564.000  0.725239
23566.000  0.821037
23568.000  0.812715
23570.000  0.713237
23572.000  0.815896
23574.000  0.900177
23576.000  0.775811
23578.000  0.768216
23580.000  0.935632
23582.000  0.873161
23584.000  0.748763
23586.000  0.791796
23588.000  0.794976
23590.000  0.813815
23592.000  0.743495
23594.000  0.856755
23596.000  0.937148
23598.000  0.821456
23600.000  0.710485
23602.000  0.801722
23604.000  0.899453
23606.000  0.773488
23608.000  0.742003
23610.000  0.795708
23612.000  0.964247
23614.000  0.980324
23616.000  0.863379
23618.000  0.728485
23620.000  0.850388
23622.000  0.890885
23624.000  0.704252
23626.000  0.692825
23628.000  0.748255
23630.000  0.944766
23632.000  0.9894
23634.000  0.972434
23636.000  0.807289
23638.000  0.747056
23640.000  0.882637
23642.000  0.825347
23644.000  0.918355
23646.000  0.840019
23648.000  0.636181
23650.000  0.829471
23652.000  0.975072
23654.000  0.985623
23656.000  0.939222
23658.000  0.739576
23660.000  0.749516
23662.000  0.848872
23664.000  0.972101
23666.000  0.980151
23668.000  0.888753
23670.000  0.787204
23672.000  0.880918
23674.000  0.836105
23676.000  0.962553
23678.000  0.969945
23680.000  0.784484
23682.000  0.771871
23684.000  0.933057
23686.000  0.983761
23688.000  0.989735
23690.000  0.972394
23692.000  0.823587
23694.000  0.735794
23696.000  0.914331
23698.000  0.834382
23700.000  0.76163
23702.000  0.893444
23704.000  0.872002
23706.000  0.742014
23708.000  0.922442
23710.000  0.992624
23712.000  0.992848
23714.000  0.989406
23716.000  0.94759
23718.000  0.722887
23720.000  0.690369
23722.000  0.855511
23724.000  0.803546
23726.000  0.923114
23728.000  0.981725
23730.000  0.887648
23732.000  0.784335
23734.000  0.870612
23736.000  0.879526
23738.000  0.911572
23740.000  0.935911
23742.000  0.913423
23744.000  0.849116
23746.000  0.81587
23748.000  0.862279
23750.000  0.805064
23752.000  0.930069
23754.000  0.988163
23756.000  0.979727
23758.000  0.865751
23760.000  0.83207
23762.000  0.914933
23764.000  0.943005
23766.000  0.981624
23768.000  0.968308
23770.000  0.982096
23772.000  0.910734
23774.000  0.791604
23776.000  0.780264
23778.000  0.803932
23780.000  0.957152
23782.000  0.966078
23784.000  0.889904
23786.000  0.936487
23788.000  0.824296
23790.000  0.87573
23792.000  0.94621
23794.000  0.925421
23796.000  0.97663
23798.000  0.990945
23800.000  0.98453
23802.000  0.869923
23804.000  0.700417
23806.000  0.818167
23808.000  0.85408
23810.000  0.799576
23812.000  0.960143
23814.000  0.973225
23816.000  0.972384
23818.000  0.90519
23820.000  0.794629
23822.000  0.743124
23824.000  0.501474
23826.000  0.496573
23828.000  0.50753
23830.000  0.516697
23832.000  0.593169
23834.000  0.65316
23836.000  0.628911
23838.000  0.684614
23840.000  0.73156
23842.000  0.739455
23844.000  0.749401
23846.000  0.755849
23848.000  0.782303
23850.000  0.701769
23852.000  0.603896
23854.000  0.725061
23856.000  0.770225
23858.000  0.728392
23860.000  0.740241
23862.000  0.789419
23864.000  0.832902
23866.000  0.809726
23868.000  0.746722
23870.000  0.725896
23872.000  0.795387
23874.000  0.71389
23876.000  0.848713
23878.000  0.840394
23880.000  0.769957
23882.000  0.862825
23884.000  0.886999
23886.000  0.658386
23888.000  0.645801
23890.000  0.905098
23892.000  0.887948
23894.000  0.832006
23896.000  0.780265
23898.000  0.779843
23900.000  0.833409
23902.000  0.831618
23904.000  0.703169
23906.000  0.827285
23908.000  0.937093
23910.000  0.857437
23912.000  0.794403
23914.000  0.787268
23916.000  0.81426
23918.000  0.844179
23920.000  0.793281
23922.000  0.621015
23924.000  0.742919
23926.000  0.938005
23928.000  0.881359
23930.000  0.799444
23932.000  0.857475
23934.000  0.976381
23936.000  0.963198
23938.000  0.847076
23940.000  0.754245
23942.000  0.701983
23944.000  0.756467
23946.000  0.789735
23948.000  0.792301
23950.000  0.783845
23952.000  0.828208
23954.000  0.956421
23956.000  0.97747
23958.000  0.929923
23960.000  0.790671
23962.000  0.728333
23964.000  0.936133
23966.000  0.988292
23968.000  0.97832
23970.000  0.907919
23972.000  0.632542
23974.000  0.655268
23976.000  0.929709
23978.000  0.957577
23980.000  0.876595
23982.000  0.827632
23984.000  0.751847
23986.000  0.869695
23988.000  0.980262
23990.000  0.961983
23992.000  0.972597
23994.000  0.93953
23996.000  0.706724
23998.000  0.700394
