15000.000  0.944784
15002.000  0.835618
15004.000  0.858678
15006.000  0.885319
15008.000  0.891925
15010.000  0.888884
15012.000  0.846312
15014.000  0.936873
15016.000  0.921445
15018.000  0.910997
15020.000  0.828499
15022.000  0.789306
15024.000  0.703689
15026.000  0.735517
15028.000  0.856978
15030.000  0.855055
15032.000  0.903537
15034.000  0.863594
15036.000  0.904621
15038.000  0.882061
15040.000  0.718462
15042.000  0.850103
15044.000  0.918
15046.000  0.865262
15048.000  0.752701
15050.000  0.747244
15052.000  0.779901
15054.000  0.859105
15056.000  0.888226
15058.000  0.879129
15060.000  0.875973
15062.000  0.842313
15064.000  0.872458
15066.000  0.92248
15068.000  0.885212
15070.000  0.880892
15072.000  0.901253
15074.000  0.877079
15076.000  0.862802
15078.000  0.829156
15080.000  0.849077
15082.000  0.889877
15084.000  0.822599
15086.000  0.871893
15088.000  0.868462
15090.000  0.84768
15092.000  0.903447
15094.000  0.925281
15096.000  0.911099
15098.000  0.829684
15100.000  0.862975
15102.000  0.9072
15104.000  0.914337
15106.000  0.896477
15108.000  0.891921
15110.000  0.877097
15112.000  0.855635
15114.000  0.870653
15116.000  0.840707
15118.000  0.811317
15120.000  0.888905
15122.000  0.854768
15124.000  0.935004
15126.000  0.951243
15128.000  0.851483
15130.000  0.743965
15132.000  0.837113
15134.000  0.890649
15136.000  0.900453
15138.000  0.888105
15140.000  0.869772
15142.000  0.873962
15144.000  0.84101
15146.000  0.806521
15148.000  0.825177
15150.000  0.905607
15152.000  0.922152
15154.000  0.869856
15156.000  0.882151
15158.000  0.685815
15160.000  0.878472
15162.000  0.874977
15164.000  0.838984
15166.000  0.892041
15168.000  0.886767
15170.000  0.875061
15172.000  0.88024
15174.000  0.879312
15176.000  0.909673
15178.000  0.850655
15180.000  0.796306
15182.000  0.867837
15184.000  0.887491
15186.000  0.882153
15188.000  0.896057
15190.000  0.918849
15192.000  0.896939
15194.000  0.85321
15196.000  0.893672
15198.000  0.890948
15200.000  0.854896
15202.000  0.932807
15204.000  0.916976
15206.000  0.886217
15208.000  0.842267
15210.000  0.842248
15212.000  0.847218
15214.000  0.892638
15216.000  0.865306
15218.000  0.696008
15220.000  0.846992
15222.000  0.872803
15224.000  0.889426
15226.000  0.902643
15228.000  0.873283
15230.000  0.931488
15232.000  0.918087
15234.000  0.939321
15236.000  0.860219
15238.000  0.866506
15240.000  0.919164
15242.000  0.826232
15244.000  0.811248
15246.000  0.84542
15248.000  0.898839
15250.000  0.923657
15252.000  0.865165
15254.000  0.873963
15256.000  0.905999
15258.000  0.91423
15260.000  0.901088
15262.000  0.718164
15264.000  0.764145
15266.000  0.837513
15268.000  0.899824
15270.000  0.923343
15272.000  0.901205
15274.000  0.956168
15276.000  0.852139
15278.000  0.806176
15280.000  0.818725
15282.000  0.831526
15284.000  0.81554
15286.000  0.857704
15288.000  0.914703
15290.000  0.918717
15292.000  0.899399
15294.000  0.838419
15296.000  0.881429
15298.000  0.879827
15300.000  0.909583
15302.000  0.93758
15304.000  0.960571
15306.000  0.917029
15308.000  0.885421
15310.000  0.898045
15312.000  0.90782
15314.000  0.892083
15316.000  0.884592
15318.000  0.824216
15320.000  0.878776
15322.000  0.897755
15324.000  0.905032
15326.000  0.940994
15328.000  0.827835
15330.000  0.903013
15332.000  0.930855
15334.000  0.875223
15336.000  0.85614
15338.000  0.913765
15340.000  0.926633
15342.000  0.850341
15344.000  0.81728
15346.000  0.864353
15348.000  0.938781
15350.000  0.952749
15352.000  0.90234
15354.000  0.865127
15356.000  0.876055
15358.000  0.842176
15360.000  0.85796
15362.000  0.92929
15364.000  0.916841
15366.000  0.96961
15368.000  0.912949
15370.000  0.85062
15372.000  0.793906
15374.000  0.810594
15376.000  0.83473
15378.000  0.857414
15380.000  0.854843
15382.000  0.806313
15384.000  0.80869
15386.000  0.853527
15388.000  0.837424
15390.000  0.870038
15392.000  0.827402
15394.000  0.871816
15396.000  0.859651
15398.000  0.91946
15400.000  0.847504
15402.000  0.842955
15404.000  0.873886
15406.000  0.866694
15408.000  0.807515
15410.000  0.90345
15412.000  0.92836
15414.000  0.936841
15416.000  0.893175
15418.000  0.838094
15420.000  0.80493
15422.000  0.832274
15424.000  0.871926
15426.000  0.797339
15428.000  0.800109
15430.000  0.837765
15432.000  0.872627
15434.000  0.806187
15436.000  0.861026
15438.000  0.907603
15440.000  0.9138
15442.000  0.94512
15444.000  0.958413
15446.000  0.945058
15448.000  0.959523
15450.000  0.92127
15452.000  0.895743
15454.000  0.904281
15456.000  0.859599
15458.000  0.832143
15460.000  0.876521
15462.000  0.894319
15464.000  0.889745
15466.000  0.920293
15468.000  0.93317
15470.000  0.856511
15472.000  0.863058
15474.000  0.860494
15476.000  0.887004
15478.000  0.922981
15480.000  0.935884
15482.000  0.908672
15484.000  0.898249
15486.000  0.952733
15488.000  0.922184
15490.000  0.891546
15492.000  0.917
15494.000  0.903131
15496.000  0.823742
15498.000  0.865267
15500.000  0.878864
15502.000  0.907627
15504.000  0.900437
15506.000  0.838491
15508.000  0.921937
15510.000  0.940832
15512.000  0.84165
15514.000  0.791559
15516.000  0.928363
15518.000  0.915695
15520.000  0.941142
15522.000  0.956595
15524.000  0.941762
15526.000  0.973235
15528.000  0.928321
15530.000  0.89172
15532.000  0.841712
15534.000  0.778817
15536.000  0.789071
15538.000  0.87282
15540.000  0.907492
15542.000  0.835099
15544.000  0.827602
15546.000  0.930739
15548.000  0.943088
15550.000  0.924753
15552.000  0.849184
15554.000  0.821691
15556.000  0.800747
15558.000  0.807343
15560.000  0.845416
15562.000  0.929082
15564.000  0.903934
15566.000  0.896622
15568.000  0.887007
15570.000  0.894114
15572.000  0.859636
15574.000  0.90272
15576.000  0.824551
15578.000  0.765545
15580.000  0.766417
15582.000  0.831024
15584.000  0.850357
15586.000  0.880848
15588.000  0.866112
15590.000  0.901924
15592.000  0.882019
15594.000  0.81463
15596.000  0.840536
15598.000  0.873817
15600.000  0.895684
15602.000  0.887045
15604.000  0.911361
15606.000  0.904138
15608.000  0.898287
15610.000  0.920451
15612.000  0.894329
15614.000  0.911733
15616.000  0.874905
15618.000  0.870839
15620.000  0.896194
15622.000  0.862285
15624.000  0.911447
15626.000  0.863636
15628.000  0.845389
15630.000  0.913098
15632.000  0.825964
15634.000  0.8961
15636.000  0.866151
15638.000  0.822745
15640.000  0.874311
15642.000  0.899306
15644.000  0.881317
15646.000  0.928773
15648.000  0.905432
15650.000  0.880997
15652.000  0.861486
15654.000  0.860359
15656.000  0.916785
15658.000  0.899182
15660.000  0.855252
15662.000  0.878211
15664.000  0.932109
15666.000  0.888944
15668.000  0.886248
15670.000  0.969513
15672.000  0.852071
15674.000  0.786558
15676.000  0.891021
15678.000  0.891254
15680.000  0.900046
15682.000  0.891768
15684.000  0.878674
15686.000  0.861133
15688.000  0.94108
15690.000  0.898726
15692.000  0.816071
15694.000  0.860246
15696.000  0.952555
15698.000  0.854653
15700.000  0.882438
15702.000  0.895445
15704.000  0.861781
15706.000  0.884923
15708.000  0.872167
15710.000  0.909092
15712.000  0.869427
15714.000  0.881787
15716.000  0.84425
15718.000  0.881577
15720.000  0.870966
15722.000  0.917694
15724.000  0.908425
15726.000  0.835149
15728.000  0.864748
15730.000  0.862632
15732.000  0.894453
15734.000  0.950836
15736.000  0.917496
15738.000  0.914163
15740.000  0.782061
15742.000  0.744487
15744.000  0.753716
15746.000  0.890499
15748.000  0.814822
15750.000  0.818242
15752.000  0.915974
15754.000  0.884662
15756.000  0.796675
15758.000  0.870729
15760.000  0.948076
15762.000  0.931162
15764.000  0.898667
15766.000  0.749208
15768.000  0.835657
15770.000  0.82401
15772.000  0.872854
15774.000  0.743451
15776.000  0.674723
15778.000  0.753223
15780.000  0.794131
15782.000  0.845583
15784.000  0.85726
15786.000  0.870071
15788.000  0.864607
15790.000  0.899851
15792.000  0.878266
15794.000  0.863164
15796.000  0.819241
15798.000  0.860471
15800.000  0.889618
15802.000  0.883322
15804.000  0.906742
15806.000  0.902333
15808.000  0.911611
15810.000  0.83211
15812.000  0.920642
15814.000  0.89144
15816.000  0.866787
15818.000  0.817291
15820.000  0.83464
15822.000  0.817513
15824.000  0.883686
15826.000  0.869297
15828.000  0.870459
15830.000  0.8886
15832.000  0.891883
15834.000  0.911523
15836.000  0.883045
15838.000  0.935544
15840.000  0.954748
15842.000  0.89773
15844.000  0.876904
15846.000  0.905761
15848.000  0.881509
15850.000  0.895076
15852.000  0.874263
15854.000  0.842779
15856.000  0.910795
15858.000  0.933253
15860.000  0.881392
15862.000  0.880778
15864.000  0.895179
15866.000  0.910916
15868.000  0.846918
15870.000  0.878603
15872.000  0.894144
15874.000  0.886648
15876.000  0.899485
15878.000  0.841884
15880.000  0.839846
15882.000  0.84842
15884.000  0.799315
15886.000  0.784693
15888.000  0.704084
15890.000  0.809019
15892.000  0.793598
15894.000  0.814023
15896.000  0.931754
15898.000  0.858904
15900.000  0.867576
15902.000  0.877746
15904.000  0.883145
15906.000  0.827174
15908.000  0.918535
15910.000  0.883984
15912.000  0.840799
15914.000  0.873154
15916.000  0.92449
15918.000  0.936768
15920.000  0.870868
15922.000  0.912582
15924.000  0.697709
15926.000  0.773085
15928.000  0.910745
15930.000  0.912815
15932.000  0.892089
15934.000  0.949595
15936.000  0.947549
15938.000  0.942783
15940.000  0.858832
15942.000  0.884061
15944.000  0.957213
15946.000  0.928416
15948.000  0.930205
15950.000  0.903148
15952.000  0.901559
15954.000  0.904069
15956.000  0.936482
15958.000  0.894617
15960.000  0.810401
15962.000  0.924951
15964.000  0.920204
15966.000  0.900174
15968.000  0.846524
15970.000  0.840449
15972.000  0.921742
15974.000  0.933261
15976.000  0.923407
15978.000  0.747094
15980.000  0.675865
15982.000  0.677608
15984.000  0.839757
15986.000  0.867596
15988.000  0.844055
15990.000  0.820884
15992.000  0.871553
15994.000  0.915848
15996.000  0.862211
15998.000  0.90186
16000.000  0.863106
16002.000  0.842103
16004.000  0.868666
16006.000  0.853971
16008.000  0.885054
16010.000  0.860405
16012.000  0.85692
16014.000  0.888424
16016.000  0.882372
16018.000  0.928886
16020.000  0.883011
16022.000  0.828141
16024.000  0.856991
16026.000  0.854903
16028.000  0.932507
16030.000  0.82877
16032.000  0.833735
16034.000  0.90802
16036.000  0.845545
16038.000  0.811139
16040.000  0.888343
16042.000  0.873177
16044.000  0.887805
16046.000  0.978621
16048.000  0.921452
16050.000  0.895827
16052.000  0.881762
16054.000  0.854102
16056.000  0.837532
16058.000  0.943868
16060.000  0.86648
16062.000  0.799062
16064.000  0.849409
16066.000  0.887581
16068.000  0.925741
16070.000  0.873735
16072.000  0.905828
16074.000  0.837463
16076.000  0.860789
16078.000  0.907172
16080.000  0.945269
16082.000  0.900515
16084.000  0.886451
16086.000  0.947861
16088.000  0.966481
16090.000  0.89888
16092.000  0.904863
16094.000  0.844161
16096.000  0.84026
16098.000  0.891456
16100.000  0.900991
16102.000  0.86787
16104.000  0.903341
16106.000  0.893584
16108.000  0.885419
16110.000  0.876997
16112.000  0.909887
16114.000  0.922713
16116.000  0.887567
16118.000  0.881766
16120.000  0.940284
16122.000  0.932688
16124.000  0.8592
16126.000  0.926547
16128.000  0.90482
16130.000  0.931598
16132.000  0.959601
16134.000  0.918239
16136.000  0.855413
16138.000  0.884074
16140.000  0.938205
16142.000  0.976527
16144.000  0.925445
16146.000  0.925255
16148.000  0.887379
16150.000  0.845339
16152.000  0.863681
16154.000  0.870642
16156.000  0.845476
16158.000  0.859551
16160.000  0.902862
16162.000  0.890788
16164.000  0.875682
16166.000  0.915335
16168.000  0.928198
16170.000  0.952473
16172.000  0.974922
16174.000  0.93649
16176.000  0.943693
16178.000  0.964117
16180.000  0.890696
16182.000  0.926535
16184.000  0.80416
16186.000  0.700687
16188.000  0.801172
16190.000  0.765674
16192.000  0.790926
16194.000  0.847059
16196.000  0.833685
16198.000  0.753619
16200.000  0.643598
16202.000  0.814531
16204.000  0.774662
16206.000  0.845087
16208.000  0.791217
16210.000  0.891133
16212.000  0.928601
16214.000  0.89841
16216.000  0.801509
16218.000  0.805193
16220.000  0.852736
16222.000  0.919915
16224.000  0.833736
16226.000  0.786925
16228.000  0.92219
16230.000  0.851271
16232.000  0.86743
16234.000  0.955612
16236.000  0.900322
16238.000  0.900389
16240.000  0.841339
16242.000  0.786325
16244.000  0.858241
16246.000  0.939101
16248.000  0.841951
16250.000  0.854052
16252.000  0.825853
16254.000  0.868556
16256.000  0.866489
16258.000  0.925715
16260.000  0.84892
16262.000  0.910851
16264.000  0.943062
16266.000  0.866247
16268.000  0.911576
16270.000  0.935183
16272.000  0.944295
16274.000  0.877793
16276.000  0.898392
16278.000  0.954607
16280.000  0.909464
16282.000  0.898286
16284.000  0.920161
16286.000  0.949232
16288.000  0.956969
16290.000  0.911336
16292.000  0.913554
16294.000  0.929519
16296.000  0.906286
16298.000  0.853904
16300.000  0.846973
16302.000  0.93749
16304.000  0.899682
16306.000  0.930019
16308.000  0.910647
16310.000  0.848775
16312.000  0.859041
16314.000  0.920451
16316.000  0.905509
16318.000  0.901348
16320.000  0.940118
16322.000  0.906075
16324.000  0.887337
16326.000  0.945035
16328.000  0.950616
16330.000  0.949501
16332.000  0.909855
16334.000  0.892059
16336.000  0.915631
16338.000  0.834633
16340.000  0.930786
16342.000  0.95674
16344.000  0.969312
16346.000  0.878902
16348.000  0.896791
16350.000  0.937087
16352.000  0.86053
16354.000  0.866134
16356.000  0.856053
16358.000  0.906018
16360.000  0.964912
16362.000  0.965502
16364.000  0.814871
16366.000  0.85983
16368.000  0.870802
16370.000  0.921675
16372.000  0.953544
16374.000  0.884734
16376.000  0.874221
16378.000  0.929959
16380.000  0.828857
16382.000  0.786737
16384.000  0.867901
16386.000  0.935475
16388.000  0.906858
16390.000  0.930678
16392.000  0.952091
16394.000  0.917272
16396.000  0.799154
16398.000  0.756851
16400.000  0.848314
16402.000  0.840445
16404.000  0.835807
16406.000  0.682195
16408.000  0.793818
16410.000  0.848532
16412.000  0.8498
16414.000  0.851619
16416.000  0.894493
16418.000  0.865006
16420.000  0.916544
16422.000  0.905001
16424.000  0.920706
16426.000  0.880227
16428.000  0.916643
16430.000  0.879588
16432.000  0.919506
16434.000  0.856935
16436.000  0.85366
16438.000  0.868332
16440.000  0.917436
16442.000  0.871198
16444.000  0.74553
16446.000  0.884395
16448.000  0.872341
16450.000  0.885011
16452.000  0.886916
16454.000  0.809043
16456.000  0.857046
16458.000  0.92853
16460.000  0.957513
16462.000  0.923465
16464.000  0.951442
16466.000  0.951442
16468.000  0.938429
16470.000  0.930949
16472.000  0.865155
16474.000  0.815013
16476.000  0.896827
16478.000  0.903774
16480.000  0.909718
16482.000  0.913284
16484.000  0.941721
16486.000  0.884234
16488.000  0.876276
16490.000  0.858726
16492.000  0.930068
16494.000  0.900814
16496.000  0.897273
16498.000  0.910223
16500.000  0.968974
16502.000  0.965966
16504.000  0.956939
16506.000  0.904884
16508.000  0.940465
16510.000  0.964579
16512.000  0.921561
16514.000  0.879374
16516.000  0.938363
16518.000  0.969202
16520.000  0.939982
16522.000  0.929982
16524.000  0.878543
16526.000  0.874909
16528.000  0.931047
16530.000  0.958828
16532.000  0.943788
16534.000  0.877605
16536.000  0.909515
16538.000  0.891619
16540.000  0.932195
16542.000  0.94032
16544.000  0.937972
16546.000  0.955817
16548.000  0.936812
16550.000  0.886783
16552.000  0.944213
16554.000  0.975264
16556.000  0.920872
16558.000  0.900276
16560.000  0.914753
16562.000  0.939301
16564.000  0.928799
16566.000  0.951677
16568.000  0.947403
16570.000  0.881769
16572.000  0.932263
16574.000  0.977863
16576.000  0.960247
16578.000  0.906729
16580.000  0.91026
16582.000  0.828228
16584.000  0.92154
16586.000  0.90913
16588.000  0.940066
16590.000  0.960855
16592.000  0.96574
16594.000  0.902545
16596.000  0.93578
16598.000  0.948526
16600.000  0.942028
16602.000  0.958652
16604.000  0.926565
16606.000  0.861823
16608.000  0.907885
16610.000  0.955465
16612.000  0.901374
16614.000  0.764407
16616.000  0.811181
16618.000  0.872299
16620.000  0.867816
16622.000  0.83931
16624.000  0.85398
16626.000  0.848414
16628.000  0.930322
16630.000  0.901133
16632.000  0.887267
16634.000  0.91368
16636.000  0.875599
16638.000  0.914914
16640.000  0.892682
16642.000  0.897815
16644.000  0.905638
16646.000  0.883785
16648.000  0.951657
16650.000  0.906355
16652.000  0.947914
16654.000  0.885579
16656.000  0.939547
16658.000  0.949556
16660.000  0.942274
16662.000  0.978298
16664.000  0.92505
16666.000  0.846234
16668.000  0.912681
16670.000  0.90488
16672.000  0.909957
16674.000  0.91384
16676.000  0.924647
16678.000  0.906399
16680.000  0.861777
16682.000  0.913234
16684.000  0.924699
16686.000  0.923581
16688.000  0.881681
16690.000  0.921591
16692.000  0.95214
16694.000  0.937288
16696.000  0.939298
16698.000  0.951733
16700.000  0.972216
16702.000  0.967283
16704.000  0.861054
16706.000  0.81862
16708.000  0.747249
16710.000  0.915438
16712.000  0.903872
16714.000  0.897329
16716.000  0.959328
16718.000  0.864952
16720.000  0.856726
16722.000  0.925122
16724.000  0.923393
16726.000  0.939676
16728.000  0.857723
16730.000  0.868193
16732.000  0.936693
16734.000  0.965947
16736.000  0.943365
16738.000  0.936663
16740.000  0.967944
16742.000  0.968109
16744.000  0.96689
16746.000  0.940465
16748.000  0.905986
16750.000  0.740956
16752.000  0.793391
16754.000  0.926861
16756.000  0.898171
16758.000  0.76398
16760.000  0.92567
16762.000  0.8939
16764.000  0.877245
16766.000  0.924445
16768.000  0.975961
16770.000  0.962711
16772.000  0.953232
16774.000  0.973911
16776.000  0.949969
16778.000  0.951747
16780.000  0.95297
16782.000  0.956863
16784.000  0.940512
16786.000  0.934458
16788.000  0.962317
16790.000  0.969038
16792.000  0.966827
16794.000  0.94393
16796.000  0.927101
16798.000  0.922229
16800.000  0.870482
16802.000  0.932574
16804.000  0.888155
16806.000  0.854339
16808.000  0.84718
16810.000  0.919696
16812.000  0.925396
16814.000  0.951674
16816.000  0.909381
16818.000  0.899506
16820.000  0.917029
16822.000  0.930235
16824.000  0.929784
16826.000  0.962371
16828.000  0.91363
16830.000  0.967122
16832.000  0.975957
16834.000  0.938925
16836.000  0.813834
16838.000  0.849269
16840.000  0.880976
16842.000  0.895161
16844.000  0.876011
16846.000  0.912014
16848.000  0.950489
16850.000  0.93784
16852.000  0.931776
16854.000  0.960903
16856.000  0.906787
16858.000  0.915012
16860.000  0.923058
16862.000  0.884457
16864.000  0.885462
16866.000  0.951294
16868.000  0.914667
16870.000  0.950079
16872.000  0.946719
16874.000  0.937336
16876.000  0.938134
16878.000  0.933949
16880.000  0.968609
16882.000  0.951349
16884.000  0.880969
16886.000  0.87382
16888.000  0.911267
16890.000  0.880626
16892.000  0.925243
16894.000  0.90948
16896.000  0.891966
16898.000  0.909573
16900.000  0.931194
16902.000  0.895224
16904.000  0.832985
16906.000  0.87925
16908.000  0.941024
16910.000  0.897073
16912.000  0.933951
16914.000  0.926074
16916.000  0.927915
16918.000  0.975208
16920.000  0.979864
16922.000  0.96886
16924.000  0.94566
16926.000  0.953862
16928.000  0.948779
16930.000  0.949494
16932.000  0.949562
16934.000  0.928512
16936.000  0.976903
16938.000  0.980617
16940.000  0.950893
16942.000  0.953802
16944.000  0.954037
16946.000  0.978449
16948.000  0.941935
16950.000  0.923599
16952.000  0.959008
16954.000  0.971316
16956.000  0.961384
16958.000  0.936898
16960.000  0.951454
16962.000  0.951652
16964.000  0.940189
16966.000  0.953333
16968.000  0.948822
16970.000  0.938261
16972.000  0.968386
16974.000  0.956788
16976.000  0.941956
16978.000  0.977003
16980.000  0.985886
16982.000  0.95002
16984.000  0.942277
16986.000  0.923991
16988.000  0.943585
16990.000  0.967919
16992.000  0.931964
16994.000  0.943914
16996.000  0.84119
16998.000  0.892698
17000.000  0.969585
17002.000  0.905836
17004.000  0.917055
17006.000  0.934986
17008.000  0.963304
17010.000  0.937986
17012.000  0.911165
17014.000  0.936118
17016.000  0.950048
17018.000  0.960981
17020.000  0.964015
17022.000  0.973871
17024.000  0.984474
17026.000  0.961262
17028.000  0.974445
17030.000  0.984961
17032.000  0.958732
17034.000  0.924279
17036.000  0.961516
17038.000  0.953764
17040.000  0.962658
17042.000  0.970532
17044.000  0.968082
17046.000  0.965685
17048.000  0.974169
17050.000  0.888094
17052.000  0.898051
17054.000  0.962049
17056.000  0.960067
17058.000  0.967009
17060.000  0.940984
17062.000  0.890425
17064.000  0.852297
17066.000  0.834056
17068.000  0.894537
17070.000  0.897486
17072.000  0.921105
17074.000  0.855963
17076.000  0.882649
17078.000  0.92637
17080.000  0.968321
17082.000  0.951425
17084.000  0.946175
17086.000  0.887027
17088.000  0.94208
17090.000  0.935243
17092.000  0.970245
17094.000  0.949847
17096.000  0.916641
17098.000  0.940832
17100.000  0.911282
17102.000  0.92777
17104.000  0.870469
17106.000  0.891769
17108.000  0.737348
17110.000  0.757861
17112.000  0.922794
17114.000  0.922647
17116.000  0.961326
17118.000  0.939778
17120.000  0.89504
17122.000  0.948452
17124.000  0.933458
17126.000  0.948379
17128.000  0.955205
17130.000  0.960793
17132.000  0.955146
17134.000  0.947892
17136.000  0.986712
17138.000  0.948327
17140.000  0.950465
17142.000  0.975793
17144.000  0.977175
17146.000  0.966574
17148.000  0.975337
17150.000  0.981769
17152.000  0.962498
17154.000  0.96885
17156.000  0.93921
17158.000  0.953614
17160.000  0.943263
17162.000  0.935373
17164.000  0.965457
17166.000  0.956741
17168.000  0.960907
17170.000  0.915617
17172.000  0.913941
17174.000  0.885154
17176.000  0.953977
17178.000  0.965867
17180.000  0.964838
17182.000  0.960373
17184.000  0.903944
17186.000  0.943179
17188.000  0.962776
17190.000  0.933082
17192.000  0.929071
17194.000  0.935993
17196.000  0.947503
17198.000  0.965548
17200.000  0.973346
17202.000  0.983374
17204.000  0.913362
17206.000  0.860385
17208.000  0.907691
17210.000  0.967245
17212.000  0.976838
17214.000  0.961632
17216.000  0.973058
17218.000  0.958047
17220.000  0.973767
17222.000  0.964482
17224.000  0.927948
17226.000  0.851365
17228.000  0.876429
17230.000  0.913417
17232.000  0.95399
17234.000  0.936426
17236.000  0.979005
17238.000  0.933525
17240.000  0.873888
17242.000  0.894942
17244.000  0.875074
17246.000  0.957352
17248.000  0.968277
17250.000  0.973012
17252.000  0.942536
17254.000  0.955377
17256.000  0.979524
17258.000  0.981195
17260.000  0.964594
17262.000  0.926084
17264.000  0.959051
17266.000  0.978993
17268.000  0.980262
17270.000  0.981255
17272.000  0.979663
17274.000  0.95332
17276.000  0.960151
17278.000  0.946229
17280.000  0.951302
17282.000  0.946692
17284.000  0.955687
17286.000  0.960458
17288.000  0.955135
17290.000  0.974261
17292.000  0.979182
17294.000  0.943267
17296.000  0.892276
17298.000  0.919587
17300.000  0.944981
17302.000  0.963999
17304.000  0.95332
17306.000  0.923792
17308.000  0.880622
17310.000  0.934459
17312.000  0.916825
17314.000  0.900951
17316.000  0.932196
17318.000  0.923953
17320.000  0.948701
17322.000  0.937836
17324.000  0.767527
17326.000  0.780496
17328.000  0.860063
17330.000  0.932656
17332.000  0.951854
17334.000  0.965145
17336.000  0.936927
17338.000  0.83144
17340.000  0.826001
17342.000  0.961787
17344.000  0.95885
17346.000  0.906012
17348.000  0.876474
17350.000  0.814707
17352.000  0.898454
17354.000  0.935038
17356.000  0.88709
17358.000  0.879994
17360.000  0.895946
17362.000  0.851543
17364.000  0.896951
17366.000  0.92105
17368.000  0.938277
17370.000  0.942724
17372.000  0.96078
17374.000  0.980245
17376.000  0.977064
17378.000  0.926533
17380.000  0.918517
17382.000  0.941374
17384.000  0.95857
17386.000  0.937281
17388.000  0.961818
17390.000  0.961501
17392.000  0.972284
17394.000  0.960293
17396.000  0.951639
17398.000  0.973724
17400.000  0.969351
17402.000  0.96061
17404.000  0.955297
17406.000  0.928015
17408.000  0.876688
17410.000  0.939166
17412.000  0.92766
17414.000  0.899106
17416.000  0.932165
17418.000  0.963292
17420.000  0.929608
17422.000  0.887796
17424.000  0.887836
17426.000  0.930177
17428.000  0.913773
17430.000  0.965861
17432.000  0.976884
17434.000  0.991243
17436.000  0.984364
17438.000  0.968143
17440.000  0.975359
17442.000  0.984268
17444.000  0.971909
17446.000  0.94892
17448.000  0.939917
17450.000  0.959786
17452.000  0.98923
17454.000  0.970296
17456.000  0.946036
17458.000  0.976027
17460.000  0.982357
17462.000  0.980107
17464.000  0.969499
17466.000  0.865241
17468.000  0.882274
17470.000  0.987692
17472.000  0.986231
17474.000  0.977305
17476.000  0.968936
17478.000  0.967084
17480.000  0.976297
17482.000  0.974877
17484.000  0.969307
17486.000  0.964212
17488.000  0.988302
17490.000  0.985799
17492.000  0.947666
17494.000  0.930514
17496.000  0.737536
17498.000  0.832293
17500.000  0.909166
17502.000  0.92982
17504.000  0.969337
17506.000  0.933713
17508.000  0.942617
17510.000  0.977411
17512.000  0.97842
17514.000  0.975033
17516.000  0.977303
17518.000  0.919552
17520.000  0.954944
17522.000  0.947886
17524.000  0.940945
17526.000  0.932054
17528.000  0.954017
17530.000  0.959341
17532.000  0.9661
17534.000  0.936152
17536.000  0.941072
17538.000  0.945405
17540.000  0.946895
17542.000  0.970964
17544.000  0.960127
17546.000  0.946542
17548.000  0.913529
17550.000  0.939321
17552.000  0.970761
17554.000  0.968181
17556.000  0.960818
17558.000  0.981363
17560.000  0.96822
17562.000  0.985361
17564.000  0.972342
17566.000  0.96278
17568.000  0.981799
17570.000  0.975559
17572.000  0.966976
17574.000  0.96014
17576.000  0.958135
17578.000  0.98391
17580.000  0.963804
17582.000  0.949227
17584.000  0.968479
17586.000  0.949939
17588.000  0.966157
17590.000  0.987908
17592.000  0.969255
17594.000  0.967122
17596.000  0.982991
17598.000  0.97215
17600.000  0.982303
17602.000  0.985606
17604.000  0.946288
17606.000  0.726871
17608.000  0.712732
17610.000  0.9173
17612.000  0.954757
17614.000  0.9714
17616.000  0.923792
17618.000  0.885909
17620.000  0.944521
17622.000  0.939403
17624.000  0.884927
17626.000  0.969213
17628.000  0.975082
17630.000  0.985297
17632.000  0.972335
17634.000  0.976272
17636.000  0.965036
17638.000  0.930903
17640.000  0.93194
17642.000  0.963837
17644.000  0.982431
17646.000  0.971772
17648.000  0.964132
17650.000  0.97505
17652.000  0.979435
17654.000  0.964227
17656.000  0.914505
17658.000  0.969479
17660.000  0.982955
17662.000  0.957737
17664.000  0.963537
17666.000  0.96448
17668.000  0.965632
17670.000  0.966614
17672.000  0.956484
17674.000  0.974213
17676.000  0.970918
17678.000  0.962451
17680.000  0.949843
17682.000  0.945252
17684.000  0.958029
17686.000  0.95279
17688.000  0.987665
17690.000  0.991256
17692.000  0.98312
17694.000  0.965791
17696.000  0.940171
17698.000  0.963642
17700.000  0.952337
17702.000  0.971945
17704.000  0.973634
17706.000  0.973929
17708.000  0.936403
17710.000  0.951917
17712.000  0.963801
17714.000  0.959663
17716.000  0.987973
17718.000  0.970022
17720.000  0.974411
17722.000  0.978209
17724.000  0.981954
17726.000  0.989023
17728.000  0.987668
17730.000  0.973161
17732.000  0.963846
17734.000  0.968632
17736.000  0.968508
17738.000  0.989489
17740.000  0.992053
17742.000  0.958089
17744.000  0.682352
17746.000  0.734662
17748.000  0.966924
17750.000  0.957434
17752.000  0.954711
17754.000  0.93815
17756.000  0.978592
17758.000  0.961115
17760.000  0.951195
17762.000  0.922684
17764.000  0.963847
17766.000  0.968961
17768.000  0.965705
17770.000  0.928221
17772.000  0.928515
17774.000  0.984373
17776.000  0.986418
17778.000  0.959051
17780.000  0.94414
17782.000  0.946462
17784.000  0.958797
17786.000  0.940612
17788.000  0.941063
17790.000  0.951976
17792.000  0.976333
17794.000  0.968998
17796.000  0.982843
17798.000  0.984532
17800.000  0.977896
17802.000  0.981336
17804.000  0.988243
17806.000  0.97117
17808.000  0.966613
17810.000  0.972733
17812.000  0.945525
17814.000  0.912623
17816.000  0.946964
17818.000  0.925055
17820.000  0.956378
17822.000  0.925688
17824.000  0.912737
17826.000  0.876856
17828.000  0.950857
17830.000  0.938866
17832.000  0.956642
17834.000  0.972495
17836.000  0.966571
17838.000  0.96793
17840.000  0.986012
17842.000  0.983982
17844.000  0.960125
17846.000  0.906528
17848.000  0.942504
17850.000  0.953565
17852.000  0.980855
17854.000  0.967904
17856.000  0.971335
17858.000  0.965342
17860.000  0.990722
17862.000  0.987572
17864.000  0.980245
17866.000  0.967065
17868.000  0.978089
17870.000  0.981148
17872.000  0.982578
17874.000  0.974167
17876.000  0.967635
17878.000  0.966822
17880.000  0.981686
17882.000  0.985987
17884.000  0.981476
17886.000  0.980241
17888.000  0.985776
17890.000  0.977468
17892.000  0.9695
17894.000  0.977533
17896.000  0.983187
17898.000  0.985981
17900.000  0.983332
17902.000  0.96836
17904.000  0.948074
17906.000  0.969605
17908.000  0.985785
17910.000  0.980838
17912.000  0.970582
17914.000  0.97207
17916.000  0.963986
17918.000  0.97544
17920.000  0.99283
17922.000  0.99491
17924.000  0.98958
17926.000  0.975883
17928.000  0.96352
17930.000  0.926937
17932.000  0.975186
17934.000  0.971994
17936.000  0.960435
17938.000  0.934891
17940.000  0.979501
17942.000  0.986046
17944.000  0.992426
17946.000  0.975033
17948.000  0.980003
17950.000  0.971902
17952.000  0.984455
17954.000  0.981376
17956.000  0.984832
17958.000  0.98559
17960.000  0.989201
17962.000  0.98581
17964.000  0.983202
17966.000  0.984326
17968.000  0.969254
17970.000  0.963064
17972.000  0.981039
17974.000  0.98079
17976.000  0.976472
17978.000  0.969011
17980.000  0.981374
17982.000  0.994569
17984.000  0.989621
17986.000  0.931729
17988.000  0.85703
17990.000  0.961803
17992.000  0.992087
17994.000  0.98641
17996.000  0.980211
17998.000  0.987645
18000.000  0.981742
18002.000  0.948454
18004.000  0.947281
18006.000  0.916114
18008.000  0.946214
18010.000  0.981237
18012.000  0.975508
18014.000  0.97903
18016.000  0.963503
18018.000  0.969236
18020.000  0.980401
18022.000  0.956402
18024.000  0.946204
18026.000  0.949045
18028.000  0.896807
18030.000  0.946763
18032.000  0.955946
18034.000  0.910672
18036.000  0.947264
18038.000  0.865875
18040.000  0.946993
18042.000  0.959245
18044.000  0.943755
18046.000  0.98808
18048.000  0.955246
18050.000  0.89223
18052.000  0.981967
18054.000  0.979948
18056.000  0.966914
18058.000  0.970501
18060.000  0.967411
18062.000  0.925313
18064.000  0.953259
18066.000  0.981259
18068.000  0.990862
18070.000  0.99154
18072.000  0.984008
18074.000  0.976823
18076.000  0.958057
18078.000  0.978275
18080.000  0.9877
18082.000  0.976912
18084.000  0.96003
18086.000  0.982621
18088.000  0.992474
18090.000  0.981199
18092.000  0.977935
18094.000  0.974648
18096.000  0.980282
18098.000  0.972384
18100.000  0.978099
18102.000  0.989758
18104.000  0.986686
18106.000  0.986973
18108.000  0.946623
18110.000  0.964413
18112.000  0.960353
18114.000  0.945126
18116.000  0.956246
18118.000  0.953973
18120.000  0.974401
18122.000  0.984584
18124.000  0.977069
18126.000  0.985711
18128.000  0.98069
18130.000  0.985822
18132.000  0.984112
18134.000  0.98359
18136.000  0.988363
18138.000  0.9874
18140.000  0.975936
18142.000  0.958237
18144.000  0.986479
18146.000  0.988853
18148.000  0.974141
18150.000  0.958412
18152.000  0.982803
18154.000  0.979988
18156.000  0.981691
18158.000  0.971077
18160.000  0.976912
18162.000  0.976581
18164.000  0.971025
18166.000  0.960284
18168.000  0.959039
18170.000  0.947059
18172.000  0.923725
18174.000  0.881045
18176.000  0.911421
18178.000  0.932581
18180.000  0.95021
18182.000  0.92966
18184.000  0.967074
18186.000  0.967891
18188.000  0.979049
18190.000  0.986727
18192.000  0.990675
18194.000  0.969329
18196.000  0.939804
18198.000  0.952398
18200.000  0.9546
18202.000  0.991057
18204.000  0.986226
18206.000  0.962936
18208.000  0.986469
18210.000  0.993671
18212.000  0.959437
18214.000  0.954945
18216.000  0.968083
18218.000  0.950259
18220.000  0.964505
18222.000  0.950683
18224.000  0.928091
18226.000  0.964077
18228.000  0.97843
18230.000  0.973172
18232.000  0.980618
18234.000  0.978583
18236.000  0.971135
18238.000  0.969922
18240.000  0.982897
18242.000  0.985622
18244.000  0.98561
18246.000  0.987059
18248.000  0.945362
18250.000  0.944844
18252.000  0.974162
18254.000  0.973038
18256.000  0.982689
18258.000  0.982482
18260.000  0.984405
18262.000  0.980271
18264.000  0.941307
18266.000  0.951216
18268.000  0.972625
18270.000  0.944016
18272.000  0.964653
18274.000  0.980194
18276.000  0.982295
18278.000  0.974784
18280.000  0.970254
18282.000  0.954529
18284.000  0.891466
18286.000  0.938469
18288.000  0.97235
18290.000  0.970715
18292.000  0.957935
18294.000  0.951881
18296.000  0.956181
18298.000  0.97188
18300.000  0.950253
18302.000  0.945107
18304.000  0.967298
18306.000  0.935636
18308.000  0.759691
18310.000  0.904505
18312.000  0.983831
18314.000  0.989286
18316.000  0.979169
18318.000  0.96979
18320.000  0.955847
18322.000  0.972425
18324.000  0.972616
18326.000  0.976611
18328.000  0.986199
18330.000  0.984093
18332.000  0.993279
18334.000  0.987504
18336.000  0.977411
18338.000  0.9858
18340.000  0.963519
18342.000  0.938677
18344.000  0.979684
18346.000  0.979026
18348.000  0.970967
18350.000  0.957417
18352.000  0.979268
18354.000  0.957212
18356.000  0.951043
18358.000  0.952758
18360.000  0.958358
18362.000  0.981273
18364.000  0.978452
18366.000  0.983544
18368.000  0.984146
18370.000  0.970008
18372.000  0.964546
18374.000  0.895087
18376.000  0.949069
18378.000  0.968914
18380.000  0.985509
18382.000  0.988331
18384.000  0.994775
18386.000  0.985708
18388.000  0.979486
18390.000  0.982822
18392.000  0.939973
18394.000  0.950456
18396.000  0.912138
18398.000  0.910966
18400.000  0.950923
18402.000  0.955814
18404.000  0.984198
18406.000  0.989641
18408.000  0.973926
18410.000  0.985708
18412.000  0.962639
18414.000  0.9303
18416.000  0.98064
18418.000  0.95114
18420.000  0.942531
18422.000  0.896938
18424.000  0.946033
18426.000  0.975544
18428.000  0.961766
18430.000  0.946647
18432.000  0.985015
18434.000  0.969735
18436.000  0.980713
18438.000  0.987238
18440.000  0.994745
18442.000  0.990705
18444.000  0.983615
18446.000  0.986236
18448.000  0.986319
18450.000  0.989738
18452.000  0.970277
18454.000  0.892653
18456.000  0.935348
18458.000  0.989477
18460.000  0.990073
18462.000  0.988012
18464.000  0.890781
18466.000  0.815936
18468.000  0.972587
18470.000  0.98323
18472.000  0.949365
18474.000  0.9863
18476.000  0.990512
18478.000  0.977428
18480.000  0.972508
18482.000  0.988853
18484.000  0.98924
18486.000  0.98851
18488.000  0.987756
18490.000  0.98373
18492.000  0.985073
18494.000  0.984932
18496.000  0.988075
18498.000  0.983867
18500.000  0.983375
18502.000  0.986509
18504.000  0.995059
18506.000  0.993694
18508.000  0.986603
18510.000  0.989043
18512.000  0.985412
18514.000  0.976771
18516.000  0.975261
18518.000  0.983732
18520.000  0.973263
18522.000  0.950275
18524.000  0.899253
18526.000  0.938264
18528.000  0.980517
18530.000  0.991162
18532.000  0.993779
18534.000  0.990295
18536.000  0.990838
18538.000  0.988481
18540.000  0.992077
18542.000  0.995463
18544.000  0.98425
18546.000  0.984613
18548.000  0.98248
18550.000  0.982926
18552.000  0.967421
18554.000  0.888225
18556.000  0.941498
18558.000  0.982791
18560.000  0.989416
18562.000  0.989008
18564.000  0.986393
18566.000  0.980784
18568.000  0.961538
18570.000  0.972502
18572.000  0.984584
18574.000  0.993213
18576.000  0.994913
18578.000  0.991357
18580.000  0.985632
18582.000  0.975731
18584.000  0.914839
18586.000  0.973079
18588.000  0.990607
18590.000  0.992618
18592.000  0.991348
18594.000  0.971963
18596.000  0.970742
18598.000  0.987672
18600.000  0.983944
18602.000  0.980639
18604.000  0.988995
18606.000  0.990884
18608.000  0.980454
18610.000  0.964811
18612.000  0.96635
18614.000  0.95101
18616.000  0.962046
18618.000  0.958357
18620.000  0.990088
18622.000  0.9846
18624.000  0.937276
18626.000  0.946402
18628.000  0.950951
18630.000  0.988262
18632.000  0.962549
18634.000  0.969101
18636.000  0.974857
18638.000  0.94903
18640.000  0.990287
18642.000  0.995308
18644.000  0.996811
18646.000  0.995519
18648.000  0.986081
18650.000  0.987074
18652.000  0.983114
18654.000  0.960807
18656.000  0.949777
18658.000  0.935339
18660.000  0.967824
18662.000  0.981648
18664.000  0.994006
18666.000  0.991019
18668.000  0.989425
18670.000  0.98895
18672.000  0.993354
18674.000  0.992556
18676.000  0.985854
18678.000  0.987599
18680.000  0.993564
18682.000  0.991231
18684.000  0.995022
18686.000  0.986682
18688.000  0.983832
18690.000  0.991143
18692.000  0.99103
18694.000  0.993432
18696.000  0.973926
18698.000  0.96281
18700.000  0.98794
18702.000  0.99333
18704.000  0.988795
18706.000  0.991203
18708.000  0.991585
18710.000  0.982109
18712.000  0.953274
18714.000  0.940251
18716.000  0.98565
18718.000  0.993337
18720.000  0.983986
18722.000  0.919052
18724.000  0.905754
18726.000  0.946141
18728.000  0.970755
18730.000  0.990062
18732.000  0.989771
18734.000  0.971234
18736.000  0.946848
18738.000  0.971347
18740.000  0.960519
18742.000  0.973334
18744.000  0.975416
18746.000  0.955258
18748.000  0.919755
18750.000  0.812162
18752.000  0.825369
18754.000  0.938123
18756.000  0.961785
18758.000  0.973669
18760.000  0.969298
18762.000  0.977784
18764.000  0.98127
18766.000  0.98934
18768.000  0.989012
18770.000  0.989896
18772.000  0.983582
18774.000  0.985736
18776.000  0.983794
18778.000  0.984988
18780.000  0.989517
18782.000  0.990414
18784.000  0.990593
18786.000  0.984127
18788.000  0.990342
18790.000  0.9668
18792.000  0.964373
18794.000  0.992611
18796.000  0.994352
18798.000  0.993183
18800.000  0.98302
18802.000  0.986998
18804.000  0.994236
18806.000  0.992232
18808.000  0.992502
18810.000  0.994681
18812.000  0.99179
18814.000  0.985438
18816.000  0.989087
18818.000  0.984991
18820.000  0.963653
18822.000  0.97854
18824.000  0.992205
18826.000  0.99294
18828.000  0.99177
18830.000  0.980661
18832.000  0.963837
18834.000  0.965403
18836.000  0.98501
18838.000  0.990597
18840.000  0.970509
18842.000  0.954845
18844.000  0.954904
18846.000  0.95426
18848.000  0.993787
18850.000  0.98138
18852.000  0.973609
18854.000  0.944965
18856.000  0.87074
18858.000  0.914511
18860.000  0.95145
18862.000  0.989661
18864.000  0.996181
18866.000  0.991343
18868.000  0.979204
18870.000  0.962974
18872.000  0.979415
18874.000  0.966902
18876.000  0.985051
18878.000  0.976398
18880.000  0.981662
18882.000  0.96835
18884.000  0.965847
18886.000  0.980591
18888.000  0.989496
18890.000  0.986801
18892.000  0.990929
18894.000  0.985317
18896.000  0.946973
18898.000  0.873456
18900.000  0.951392
18902.000  0.97174
18904.000  0.995006
18906.000  0.980978
18908.000  0.974948
18910.000  0.967344
18912.000  0.97962
18914.000  0.931569
18916.000  0.940558
18918.000  0.94435
18920.000  0.961822
18922.000  0.907725
18924.000  0.954646
18926.000  0.913799
18928.000  0.964606
18930.000  0.962137
18932.000  0.948142
18934.000  0.960522
18936.000  0.970204
18938.000  0.989197
18940.000  0.987031
18942.000  0.941361
18944.000  0.962197
18946.000  0.988258
18948.000  0.990149
18950.000  0.979327
18952.000  0.990786
18954.000  0.993768
18956.000  0.983117
18958.000  0.968044
18960.000  0.987502
18962.000  0.979452
18964.000  0.959258
18966.000  0.986265
18968.000  0.981309
18970.000  0.935106
18972.000  0.977715
18974.000  0.987105
18976.000  0.991955
18978.000  0.996884
18980.000  0.997074
18982.000  0.99421
18984.000  0.982116
18986.000  0.910358
18988.000  0.905284
18990.000  0.987185
18992.000  0.996471
18994.000  0.995353
18996.000  0.994635
18998.000  0.920309
19000.000  0.83884
19002.000  0.968059
19004.000  0.996654
19006.000  0.98656
19008.000  0.990696
19010.000  0.984506
19012.000  0.990081
19014.000  0.994779
19016.000  0.991603
19018.000  0.919443
19020.000  0.921819
19022.000  0.96542
19024.000  0.9886
19026.000  0.985565
19028.000  0.988064
19030.000  0.939899
19032.000  0.954834
19034.000  0.993418
19036.000  0.995895
19038.000  0.994407
19040.000  0.99396
19042.000  0.991173
19044.000  0.982395
19046.000  0.934103
19048.000  0.981315
19050.000  0.998011
19052.000  0.998346
19054.000  0.998171
19056.000  0.99742
19058.000  0.996707
19060.000  0.993721
19062.000  0.994337
19064.000  0.995292
19066.000  0.994202
19068.000  0.995234
19070.000  0.994506
19072.000  0.989999
19074.000  0.988854
19076.000  0.98888
19078.000  0.992145
19080.000  0.960352
19082.000  0.909958
19084.000  0.947226
19086.000  0.957454
19088.000  0.978881
19090.000  0.995101
19092.000  0.976375
19094.000  0.951539
19096.000  0.977754
19098.000  0.985987
19100.000  0.941314
19102.000  0.947322
19104.000  0.955405
19106.000  0.965208
19108.000  0.965862
19110.000  0.937387
19112.000  0.944057
19114.000  0.879604
19116.000  0.962873
19118.000  0.992322
19120.000  0.996162
19122.000  0.991415
19124.000  0.990521
19126.000  0.992942
19128.000  0.994201
19130.000  0.984853
19132.000  0.986628
19134.000  0.994186
19136.000  0.990491
19138.000  0.990055
19140.000  0.994231
19142.000  0.991302
19144.000  0.995328
19146.000  0.994229
19148.000  0.99459
19150.000  0.994195
19152.000  0.98057
19154.000  0.984406
19156.000  0.970597
19158.000  0.971285
19160.000  0.976678
19162.000  0.974875
19164.000  0.980018
19166.000  0.982846
19168.000  0.990371
19170.000  0.989557
19172.000  0.984491
19174.000  0.974484
19176.000  0.970926
19178.000  0.988223
19180.000  0.989182
19182.000  0.986976
19184.000  0.991108
19186.000  0.99033
19188.000  0.98046
19190.000  0.989176
19192.000  0.969113
19194.000  0.860122
19196.000  0.951238
19198.000  0.988717
19200.000  0.991777
19202.000  0.996898
19204.000  0.993542
19206.000  0.991405
19208.000  0.981608
19210.000  0.985256
19212.000  0.991609
19214.000  0.994202
19216.000  0.993699
19218.000  0.98177
19220.000  0.970979
19222.000  0.991664
19224.000  0.998063
19226.000  0.998483
19228.000  0.99798
19230.000  0.9962
19232.000  0.996519
19234.000  0.994811
19236.000  0.993998
19238.000  0.993014
19240.000  0.986346
19242.000  0.992448
19244.000  0.98802
19246.000  0.986704
19248.000  0.992701
19250.000  0.989842
19252.000  0.993208
19254.000  0.960479
19256.000  0.974779
19258.000  0.99204
19260.000  0.957528
19262.000  0.979105
19264.000  0.994878
19266.000  0.994233
19268.000  0.986554
19270.000  0.993309
19272.000  0.994365
19274.000  0.993507
19276.000  0.99394
19278.000  0.975007
19280.000  0.946717
19282.000  0.955624
19284.000  0.940367
19286.000  0.991916
19288.000  0.99555
19290.000  0.981092
19292.000  0.976577
19294.000  0.964158
19296.000  0.977199
19298.000  0.967012
19300.000  0.958856
19302.000  0.954083
19304.000  0.941985
19306.000  0.959948
19308.000  0.858584
19310.000  0.780054
19312.000  0.951341
19314.000  0.970454
19316.000  0.961126
19318.000  0.975856
19320.000  0.954012
19322.000  0.983263
19324.000  0.994831
19326.000  0.990962
19328.000  0.983456
19330.000  0.991503
19332.000  0.99291
19334.000  0.962963
19336.000  0.928562
19338.000  0.984645
19340.000  0.98744
19342.000  0.960616
19344.000  0.966023
19346.000  0.984481
19348.000  0.994132
19350.000  0.992103
19352.000  0.98245
19354.000  0.970543
19356.000  0.9901
19358.000  0.995459
19360.000  0.991108
19362.000  0.992135
19364.000  0.983122
19366.000  0.989915
19368.000  0.992614
19370.000  0.987911
19372.000  0.994857
19374.000  0.995246
19376.000  0.980735
19378.000  0.986764
19380.000  0.98406
19382.000  0.968528
19384.000  0.938739
19386.000  0.90504
19388.000  0.958471
19390.000  0.964078
19392.000  0.969751
19394.000  0.963153
19396.000  0.983539
19398.000  0.986964
19400.000  0.980218
19402.000  0.968616
19404.000  0.956157
19406.000  0.955797
19408.000  0.960282
19410.000  0.961763
19412.000  0.946601
19414.000  0.975468
19416.000  0.973282
19418.000  0.954619
19420.000  0.967535
19422.000  0.971865
19424.000  0.949342
19426.000  0.935705
19428.000  0.963627
19430.000  0.91577
19432.000  0.884005
19434.000  0.892901
19436.000  0.94385
19438.000  0.951946
19440.000  0.953307
19442.000  0.952767
19444.000  0.913295
19446.000  0.872271
19448.000  0.910194
19450.000  0.89949
19452.000  0.751269
19454.000  0.788219
19456.000  0.948721
19458.000  0.959294
19460.000  0.979847
19462.000  0.960059
19464.000  0.97601
19466.000  0.974468
19468.000  0.951309
19470.000  0.95501
19472.000  0.972702
19474.000  0.971182
19476.000  0.95811
19478.000  0.97511
19480.000  0.926128
19482.000  0.936479
19484.000  0.984296
19486.000  0.989454
19488.000  0.968563
19490.000  0.960141
19492.000  0.905954
19494.000  0.898486
19496.000  0.956727
19498.000  0.963174
19500.000  0.978979
19502.000  0.97395
19504.000  0.898379
19506.000  0.753581
19508.000  0.867009
19510.000  0.939025
19512.000  0.929282
19514.000  0.932995
19516.000  0.943904
19518.000  0.9597
19520.000  0.954992
19522.000  0.961215
19524.000  0.953969
19526.000  0.971221
19528.000  0.963442
19530.000  0.968649
19532.000  0.963095
19534.000  0.94243
19536.000  0.950153
19538.000  0.949929
19540.000  0.977704
19542.000  0.960163
19544.000  0.964359
19546.000  0.976559
19548.000  0.993312
19550.000  0.96541
19552.000  0.961916
19554.000  0.967259
19556.000  0.938
19558.000  0.982835
19560.000  0.979621
19562.000  0.991444
19564.000  0.979698
19566.000  0.981055
19568.000  0.967069
19570.000  0.966014
19572.000  0.986023
19574.000  0.983971
19576.000  0.959597
19578.000  0.977859
19580.000  0.987672
19582.000  0.959363
19584.000  0.893336
19586.000  0.84308
19588.000  0.96658
19590.000  0.987801
19592.000  0.948044
19594.000  0.962571
19596.000  0.964661
19598.000  0.963454
19600.000  0.95329
19602.000  0.988375
19604.000  0.972707
19606.000  0.969088
19608.000  0.990652
19610.000  0.953721
19612.000  0.935382
19614.000  0.927392
19616.000  0.965717
19618.000  0.967362
19620.000  0.989638
19622.000  0.96432
19624.000  0.910113
19626.000  0.887053
19628.000  0.938876
19630.000  0.96433
19632.000  0.971283
19634.000  0.932564
19636.000  0.927731
19638.000  0.959531
19640.000  0.957617
19642.000  0.966988
19644.000  0.955673
19646.000  0.969532
19648.000  0.953582
19650.000  0.971376
19652.000  0.963219
19654.000  0.982895
19656.000  0.986836
19658.000  0.973418
19660.000  0.968428
19662.000  0.976519
19664.000  0.97281
19666.000  0.963201
19668.000  0.975011
19670.000  0.962981
19672.000  0.938603
19674.000  0.946394
19676.000  0.971661
19678.000  0.985355
19680.000  0.954307
19682.000  0.972653
19684.000  0.945144
19686.000  0.934105
19688.000  0.981665
19690.000  0.963243
19692.000  0.983588
19694.000  0.958657
19696.000  0.965386
19698.000  0.980447
19700.000  0.94048
19702.000  0.942432
19704.000  0.984292
19706.000  0.987304
19708.000  0.970087
19710.000  0.812175
19712.000  0.739685
19714.000  0.903247
19716.000  0.942073
19718.000  0.939855
19720.000  0.951371
19722.000  0.844252
19724.000  0.8772
19726.000  0.974017
19728.000  0.935807
19730.000  0.938036
19732.000  0.942938
19734.000  0.895958
19736.000  0.947076
19738.000  0.928411
19740.000  0.927711
19742.000  0.946394
19744.000  0.966928
19746.000  0.96276
19748.000  0.947501
19750.000  0.959484
19752.000  0.935505
19754.000  0.963563
19756.000  0.9467
19758.000  0.95311
19760.000  0.975229
19762.000  0.961904
19764.000  0.970698
19766.000  0.958926
19768.000  0.955051
19770.000  0.916353
19772.000  0.911828
19774.000  0.921712
19776.000  0.695861
19778.000  0.729423
19780.000  0.935459
19782.000  0.979643
19784.000  0.992007
19786.000  0.965614
19788.000  0.951038
19790.000  0.966261
19792.000  0.858591
19794.000  0.946222
19796.000  0.975053
19798.000  0.969109
19800.000  0.97063
19802.000  0.960149
19804.000  0.944139
19806.000  0.958553
19808.000  0.980062
19810.000  0.99529
19812.000  0.992157
19814.000  0.954018
19816.000  0.933323
19818.000  0.942949
19820.000  0.947838
19822.000  0.961915
19824.000  0.96247
19826.000  0.976496
19828.000  0.977163
19830.000  0.990655
19832.000  0.966801
19834.000  0.973451
19836.000  0.993368
19838.000  0.972003
19840.000  0.951434
19842.000  0.977878
19844.000  0.988838
19846.000  0.964885
19848.000  0.951468
19850.000  0.916824
19852.000  0.871622
19854.000  0.891613
19856.000  0.987052
19858.000  0.989557
19860.000  0.937302
19862.000  0.78102
19864.000  0.891627
19866.000  0.959693
19868.000  0.964363
19870.000  0.974994
19872.000  0.97336
19874.000  0.978008
19876.000  0.971096
19878.000  0.98423
19880.000  0.965002
19882.000  0.931369
19884.000  0.948272
19886.000  0.958857
19888.000  0.978699
19890.000  0.968275
19892.000  0.963769
19894.000  0.973223
19896.000  0.968031
19898.000  0.971403
19900.000  0.984484
19902.000  0.968079
19904.000  0.975312
19906.000  0.981882
19908.000  0.986884
19910.000  0.977306
19912.000  0.9535
19914.000  0.948316
19916.000  0.929133
19918.000  0.881246
19920.000  0.947351
19922.000  0.953496
19924.000  0.947551
19926.000  0.938604
19928.000  0.922339
19930.000  0.951124
19932.000  0.947139
19934.000  0.868498
19936.000  0.972397
19938.000  0.995895
19940.000  0.976505
19942.000  0.974218
19944.000  0.96469
19946.000  0.931332
19948.000  0.948781
19950.000  0.936412
19952.000  0.96913
19954.000  0.958811
19956.000  0.940323
19958.000  0.972894
19960.000  0.960325
19962.000  0.904201
19964.000  0.979311
19966.000  0.996697
19968.000  0.981266
19970.000  0.9277
19972.000  0.911675
19974.000  0.900521
19976.000  0.912742
19978.000  0.87632
19980.000  0.941135
19982.000  0.95901
19984.000  0.994508
19986.000  0.988736
19988.000  0.967555
19990.000  0.97392
19992.000  0.940572
19994.000  0.961002
19996.000  0.966542
19998.000  0.946325
20000.000  0.945601
20002.000  0.96565
20004.000  0.96385
20006.000  0.964563
20008.000  0.935565
20010.000  0.949391
20012.000  0.943103
20014.000  0.968864
20016.000  0.974789
20018.000  0.989696
20020.000  0.971987
20022.000  0.963341
20024.000  0.924723
20026.000  0.917774
20028.000  0.944824
20030.000  0.944841
20032.000  0.939577
20034.000  0.945827
20036.000  0.948886
20038.000  0.968464
20040.000  0.977829
20042.000  0.981208
20044.000  0.988245
20046.000  0.987776
20048.000  0.973394
20050.000  0.933428
20052.000  0.924185
20054.000  0.917341
20056.000  0.944203
20058.000  0.97085
20060.000  0.979843
20062.000  0.983173
20064.000  0.985623
20066.000  0.980529
20068.000  0.98028
20070.000  0.927322
20072.000  0.94481
20074.000  0.962602
20076.000  0.968765
20078.000  0.957281
20080.000  0.957116
20082.000  0.972638
20084.000  0.963686
20086.000  0.957769
20088.000  0.944271
20090.000  0.962878
20092.000  0.961599
20094.000  0.952445
20096.000  0.975812
20098.000  0.978709
20100.000  0.991152
20102.000  0.977506
20104.000  0.972382
20106.000  0.979538
20108.000  0.979354
20110.000  0.943109
20112.000  0.946109
20114.000  0.974687
20116.000  0.990995
20118.000  0.970924
20120.000  0.952915
20122.000  0.981834
20124.000  0.954278
20126.000  0.952644
20128.000  0.97881
20130.000  0.93457
20132.000  0.960547
20134.000  0.975161
20136.000  0.951283
20138.000  0.9835
20140.000  0.994472
20142.000  0.982787
20144.000  0.9849
20146.000  0.965969
20148.000  0.978022
20150.000  0.987783
20152.000  0.951454
20154.000  0.952768
20156.000  0.971579
20158.000  0.957255
20160.000  0.985951
20162.000  0.989373
20164.000  0.949607
20166.000  0.936203
20168.000  0.926433
20170.000  0.877908
20172.000  0.948343
20174.000  0.956728
20176.000  0.980271
20178.000  0.967114
20180.000  0.946549
20182.000  0.971869
20184.000  0.936674
20186.000  0.934644
20188.000  0.943648
20190.000  0.959559
20192.000  0.977428
20194.000  0.964975
20196.000  0.950942
20198.000  0.927158
20200.000  0.951243
20202.000  0.964301
20204.000  0.94529
20206.000  0.914709
20208.000  0.909245
20210.000  0.898003
20212.000  0.931418
20214.000  0.950249
20216.000  0.946484
20218.000  0.943388
20220.000  0.970449
20222.000  0.970813
20224.000  0.96181
20226.000  0.964636
20228.000  0.970139
20230.000  0.967022
20232.000  0.974544
20234.000  0.978445
20236.000  0.974353
20238.000  0.926022
20240.000  0.753586
20242.000  0.739233
20244.000  0.935514
20246.000  0.968737
20248.000  0.955744
20250.000  0.93364
20252.000  0.955588
20254.000  0.961073
20256.000  0.933381
20258.000  0.966777
20260.000  0.990237
20262.000  0.976285
20264.000  0.930359
20266.000  0.954996
20268.000  0.983319
20270.000  0.975128
20272.000  0.963286
20274.000  0.980164
20276.000  0.976798
20278.000  0.972665
20280.000  0.942088
20282.000  0.91029
20284.000  0.927446
20286.000  0.936113
20288.000  0.93494
20290.000  0.946575
20292.000  0.958098
20294.000  0.923929
20296.000  0.87522
20298.000  0.914312
20300.000  0.93078
20302.000  0.894757
20304.000  0.958413
20306.000  0.973491
20308.000  0.973397
20310.000  0.976208
20312.000  0.956554
20314.000  0.940247
20316.000  0.950366
20318.000  0.933578
20320.000  0.93992
20322.000  0.972804
20324.000  0.969111
20326.000  0.958013
20328.000  0.965907
20330.000  0.974135
20332.000  0.9607
20334.000  0.94088
20336.000  0.956678
20338.000  0.937278
20340.000  0.956563
20342.000  0.942025
20344.000  0.866748
20346.000  0.919705
20348.000  0.958281
20350.000  0.920184
20352.000  0.935909
20354.000  0.955739
20356.000  0.99477
20358.000  0.98325
20360.000  0.9854
20362.000  0.980641
20364.000  0.948371
20366.000  0.950225
20368.000  0.948192
20370.000  0.952978
20372.000  0.949772
20374.000  0.937517
20376.000  0.935532
20378.000  0.913758
20380.000  0.948148
20382.000  0.918305
20384.000  0.936586
20386.000  0.936547
20388.000  0.981466
20390.000  0.964467
20392.000  0.956014
20394.000  0.955818
20396.000  0.94388
20398.000  0.977176
20400.000  0.973896
20402.000  0.963792
20404.000  0.960771
20406.000  0.94239
20408.000  0.966707
20410.000  0.965301
20412.000  0.941511
20414.000  0.949039
20416.000  0.971091
20418.000  0.948565
20420.000  0.938701
20422.000  0.970554
20424.000  0.946114
20426.000  0.963122
20428.000  0.964291
20430.000  0.964427
20432.000  0.966157
20434.000  0.963856
20436.000  0.958713
20438.000  0.949089
20440.000  0.933077
20442.000  0.919508
20444.000  0.948423
20446.000  0.943539
20448.000  0.965535
20450.000  0.970008
20452.000  0.943229
20454.000  0.952399
20456.000  0.965625
20458.000  0.948671
20460.000  0.982124
20462.000  0.965231
20464.000  0.973234
20466.000  0.978395
20468.000  0.936614
20470.000  0.922402
20472.000  0.94313
20474.000  0.963503
20476.000  0.971025
20478.000  0.971248
20480.000  0.950045
20482.000  0.944436
20484.000  0.958831
20486.000  0.983552
20488.000  0.957406
20490.000  0.912323
20492.000  0.952404
20494.000  0.977477
20496.000  0.966349
20498.000  0.96419
20500.000  0.974718
20502.000  0.940703
20504.000  0.93848
20506.000  0.942245
20508.000  0.967531
20510.000  0.96728
20512.000  0.968973
20514.000  0.983588
20516.000  0.964465
20518.000  0.979767
20520.000  0.944649
20522.000  0.888675
20524.000  0.943842
20526.000  0.95361
20528.000  0.943153
20530.000  0.94577
20532.000  0.961762
20534.000  0.942066
20536.000  0.968762
20538.000  0.932865
20540.000  0.939793
20542.000  0.931536
20544.000  0.955511
20546.000  0.967487
20548.000  0.938091
20550.000  0.966324
20552.000  0.976703
20554.000  0.933041
20556.000  0.943897
20558.000  0.954162
20560.000  0.945422
20562.000  0.944974
20564.000  0.93233
20566.000  0.959608
20568.000  0.9707
20570.000  0.968237
20572.000  0.962523
20574.000  0.973756
20576.000  0.950399
20578.000  0.947719
20580.000  0.950704
20582.000  0.910901
20584.000  0.889545
20586.000  0.928711
20588.000  0.950504
20590.000  0.975467
20592.000  0.985378
20594.000  0.945353
20596.000  0.920878
20598.000  0.93427
20600.000  0.942721
20602.000  0.93006
20604.000  0.946986
20606.000  0.947227
20608.000  0.928901
20610.000  0.965348
20612.000  0.969315
20614.000  0.967807
20616.000  0.96736
20618.000  0.971771
20620.000  0.966075
20622.000  0.993449
20624.000  0.997386
20626.000  0.936861
20628.000  0.801764
20630.000  0.863042
20632.000  0.792997
20634.000  0.914473
20636.000  0.940604
20638.000  0.931342
20640.000  0.927833
20642.000  0.934151
20644.000  0.951368
20646.000  0.966445
20648.000  0.963833
20650.000  0.946451
20652.000  0.95869
20654.000  0.984925
20656.000  0.969645
20658.000  0.956144
20660.000  0.983035
20662.000  0.99301
20664.000  0.984766
20666.000  0.957034
20668.000  0.929635
20670.000  0.943821
20672.000  0.983492
20674.000  0.985071
20676.000  0.960919
20678.000  0.983899
20680.000  0.980777
20682.000  0.965044
20684.000  0.951767
20686.000  0.967911
20688.000  0.97658
20690.000  0.972359
20692.000  0.932874
20694.000  0.91921
20696.000  0.932197
20698.000  0.872835
20700.000  0.906444
20702.000  0.915811
20704.000  0.941197
20706.000  0.961676
20708.000  0.959661
20710.000  0.963714
20712.000  0.930976
20714.000  0.942489
20716.000  0.951204
20718.000  0.954693
20720.000  0.986994
20722.000  0.965119
20724.000  0.962233
20726.000  0.98102
20728.000  0.993941
20730.000  0.983409
20732.000  0.959563
20734.000  0.939681
20736.000  0.944902
20738.000  0.947447
20740.000  0.955183
20742.000  0.937304
20744.000  0.949034
20746.000  0.973656
20748.000  0.972773
20750.000  0.955332
20752.000  0.956865
20754.000  0.959961
20756.000  0.973686
20758.000  0.98354
20760.000  0.969736
20762.000  0.93176
20764.000  0.971714
20766.000  0.976929
20768.000  0.94999
20770.000  0.978666
20772.000  0.961131
20774.000  0.935947
20776.000  0.969498
20778.000  0.959033
20780.000  0.960026
20782.000  0.969651
20784.000  0.988798
20786.000  0.970655
20788.000  0.917935
20790.000  0.96543
20792.000  0.958211
20794.000  0.966706
20796.000  0.965457
20798.000  0.937967
20800.000  0.909327
20802.000  0.956936
20804.000  0.943556
20806.000  0.945731
20808.000  0.94449
20810.000  0.945843
20812.000  0.95217
20814.000  0.945496
20816.000  0.949179
20818.000  0.947156
20820.000  0.916685
20822.000  0.959013
20824.000  0.963233
20826.000  0.959489
20828.000  0.942256
20830.000  0.968123
20832.000  0.931633
20834.000  0.904843
20836.000  0.978118
20838.000  0.990566
20840.000  0.931099
20842.000  0.929935
20844.000  0.954142
20846.000  0.960253
20848.000  0.958415
20850.000  0.955687
20852.000  0.962929
20854.000  0.970553
20856.000  0.983091
20858.000  0.994387
20860.000  0.965244
20862.000  0.960297
20864.000  0.966215
20866.000  0.958091
20868.000  0.963877
20870.000  0.978546
20872.000  0.976449
20874.000  0.956725
20876.000  0.936538
20878.000  0.938918
20880.000  0.952431
20882.000  0.951456
20884.000  0.967368
20886.000  0.936707
20888.000  0.936707
20890.000  0.949771
20892.000  0.965313
20894.000  0.990323
20896.000  0.985716
20898.000  0.975716
20900.000  0.968848
20902.000  0.937061
20904.000  0.924751
20906.000  0.920323
20908.000  0.925385
20910.000  0.963825
20912.000  0.967803
20914.000  0.973724
20916.000  0.92644
20918.000  0.910788
20920.000  0.976838
20922.000  0.961982
20924.000  0.969281
20926.000  0.937573
20928.000  0.925306
20930.000  0.934679
20932.000  0.983768
20934.000  0.983566
20936.000  0.9773
20938.000  0.935808
20940.000  0.968214
20942.000  0.986176
20944.000  0.964203
20946.000  0.977408
20948.000  0.94479
20950.000  0.945054
20952.000  0.934838
20954.000  0.933174
20956.000  0.932856
20958.000  0.949805
20960.000  0.973478
20962.000  0.923415
20964.000  0.938554
20966.000  0.984702
20968.000  0.988685
20970.000  0.937487
20972.000  0.876508
20974.000  0.927032
20976.000  0.986728
20978.000  0.993253
20980.000  0.993527
20982.000  0.977361
20984.000  0.959345
20986.000  0.968293
20988.000  0.968542
20990.000  0.951288
20992.000  0.954265
20994.000  0.960777
20996.000  0.953749
20998.000  0.978001
21000.000  0.986705
21002.000  0.994629
21004.000  0.977555
21006.000  0.928648
21008.000  0.944779
21010.000  0.937049
21012.000  0.931898
21014.000  0.942627
21016.000  0.953255
21018.000  0.973819
21020.000  0.962516
21022.000  0.951923
21024.000  0.947139
21026.000  0.978522
21028.000  0.974814
21030.000  0.97251
21032.000  0.95663
21034.000  0.965224
21036.000  0.978396
21038.000  0.988105
21040.000  0.972908
21042.000  0.944527
21044.000  0.949129
21046.000  0.954016
21048.000  0.979628
21050.000  0.960893
21052.000  0.960782
21054.000  0.974832
21056.000  0.960496
21058.000  0.964584
21060.000  0.964607
21062.000  0.954455
21064.000  0.930334
21066.000  0.882111
21068.000  0.95198
21070.000  0.947142
21072.000  0.935416
21074.000  0.951584
21076.000  0.960859
21078.000  0.958613
21080.000  0.954013
21082.000  0.950258
21084.000  0.953594
21086.000  0.957239
21088.000  0.960403
21090.000  0.951931
21092.000  0.889371
21094.000  0.893501
21096.000  0.957029
21098.000  0.971853
21100.000  0.973562
21102.000  0.97505
21104.000  0.959264
21106.000  0.954414
21108.000  0.947515
21110.000  0.950094
21112.000  0.941564
21114.000  0.938524
21116.000  0.984813
21118.000  0.965898
21120.000  0.945171
21122.000  0.965957
21124.000  0.935751
21126.000  0.961955
21128.000  0.960887
21130.000  0.964865
21132.000  0.97486
21134.000  0.97277
21136.000  0.974168
21138.000  0.971082
21140.000  0.926147
21142.000  0.955391
21144.000  0.966016
21146.000  0.954693
21148.000  0.949672
21150.000  0.964286
21152.000  0.964369
21154.000  0.943918
21156.000  0.93676
21158.000  0.967114
21160.000  0.93903
21162.000  0.908548
21164.000  0.835544
21166.000  0.942771
21168.000  0.958414
21170.000  0.980326
21172.000  0.974288
21174.000  0.962847
21176.000  0.976561
21178.000  0.925669
21180.000  0.950327
21182.000  0.980229
21184.000  0.982577
21186.000  0.970715
21188.000  0.975361
21190.000  0.961746
21192.000  0.937075
21194.000  0.930553
21196.000  0.916531
21198.000  0.962791
21200.000  0.961254
21202.000  0.943946
21204.000  0.943382
21206.000  0.945607
21208.000  0.955397
21210.000  0.951905
21212.000  0.942962
21214.000  0.96485
21216.000  0.970699
21218.000  0.969295
21220.000  0.973546
21222.000  0.972679
21224.000  0.964597
21226.000  0.92295
21228.000  0.969858
21230.000  0.988805
21232.000  0.934641
21234.000  0.900425
21236.000  0.976512
21238.000  0.949461
21240.000  0.96622
21242.000  0.979248
21244.000  0.92965
21246.000  0.922316
21248.000  0.948936
21250.000  0.964175
21252.000  0.983854
21254.000  0.970076
21256.000  0.975198
21258.000  0.965307
21260.000  0.910004
21262.000  0.940777
21264.000  0.978369
21266.000  0.950662
21268.000  0.953853
21270.000  0.983374
21272.000  0.986151
21274.000  0.963534
21276.000  0.948245
21278.000  0.959726
21280.000  0.960516
21282.000  0.960561
21284.000  0.93212
21286.000  0.954272
21288.000  0.959345
21290.000  0.940277
21292.000  0.965123
21294.000  0.983441
21296.000  0.949361
21298.000  0.94613
21300.000  0.967902
21302.000  0.990207
21304.000  0.985604
21306.000  0.975211
21308.000  0.94034
21310.000  0.922152
21312.000  0.975588
21314.000  0.976567
21316.000  0.971854
21318.000  0.95287
21320.000  0.956655
21322.000  0.968146
21324.000  0.960319
21326.000  0.970353
21328.000  0.972619
21330.000  0.986328
21332.000  0.949193
21334.000  0.961783
21336.000  0.964538
21338.000  0.935126
21340.000  0.94191
21342.000  0.965935
21344.000  0.955385
21346.000  0.958127
21348.000  0.971788
21350.000  0.936851
21352.000  0.935723
21354.000  0.876458
21356.000  0.919134
21358.000  0.979552
21360.000  0.985826
21362.000  0.958797
21364.000  0.955407
21366.000  0.977014
21368.000  0.9725
21370.000  0.978979
21372.000  0.962928
21374.000  0.962672
21376.000  0.972723
21378.000  0.973626
21380.000  0.964548
21382.000  0.972349
21384.000  0.969801
21386.000  0.95944
21388.000  0.968832
21390.000  0.961686
21392.000  0.968077
21394.000  0.971792
21396.000  0.952072
21398.000  0.938714
21400.000  0.965851
21402.000  0.982152
21404.000  0.961309
21406.000  0.95144
21408.000  0.975175
21410.000  0.988619
21412.000  0.960136
21414.000  0.952123
21416.000  0.955565
21418.000  0.95728
21420.000  0.963975
21422.000  0.982984
21424.000  0.976231
21426.000  0.963988
21428.000  0.966476
21430.000  0.982873
21432.000  0.979338
21434.000  0.966759
21436.000  0.95501
21438.000  0.956158
21440.000  0.963922
21442.000  0.976708
21444.000  0.977879
21446.000  0.983451
21448.000  0.965376
21450.000  0.948752
21452.000  0.906471
21454.000  0.921825
21456.000  0.942491
21458.000  0.946668
21460.000  0.943286
21462.000  0.963605
21464.000  0.948431
21466.000  0.966871
21468.000  0.973784
21470.000  0.967636
21472.000  0.955626
21474.000  0.968453
21476.000  0.973576
21478.000  0.969661
21480.000  0.973078
21482.000  0.972092
21484.000  0.920759
21486.000  0.899777
21488.000  0.928715
21490.000  0.963617
21492.000  0.977736
21494.000  0.982437
21496.000  0.986345
21498.000  0.976866
21500.000  0.980286
21502.000  0.978096
21504.000  0.980545
21506.000  0.973561
21508.000  0.968518
21510.000  0.966847
21512.000  0.975146
21514.000  0.960054
21516.000  0.944978
21518.000  0.965836
21520.000  0.959028
21522.000  0.937002
21524.000  0.947582
21526.000  0.956681
21528.000  0.960739
21530.000  0.977492
21532.000  0.972678
21534.000  0.954622
21536.000  0.953459
21538.000  0.953426
21540.000  0.942556
21542.000  0.942453
21544.000  0.943559
21546.000  0.984205
21548.000  0.975396
21550.000  0.974023
21552.000  0.981145
21554.000  0.98966
21556.000  0.967959
21558.000  0.96097
21560.000  0.974572
21562.000  0.964192
21564.000  0.912543
21566.000  0.954072
21568.000  0.989833
21570.000  0.98292
21572.000  0.970728
21574.000  0.946085
21576.000  0.955916
21578.000  0.963688
21580.000  0.969554
21582.000  0.959476
21584.000  0.961012
21586.000  0.939318
21588.000  0.966632
21590.000  0.972138
21592.000  0.95727
21594.000  0.928837
21596.000  0.943012
21598.000  0.956628
21600.000  0.976872
21602.000  0.969603
21604.000  0.969988
21606.000  0.967567
21608.000  0.976115
21610.000  0.987121
21612.000  0.972572
21614.000  0.956235
21616.000  0.974941
21618.000  0.983041
21620.000  0.979384
21622.000  0.962819
21624.000  0.986735
21626.000  0.987055
21628.000  0.954952
21630.000  0.955105
21632.000  0.972098
21634.000  0.93935
21636.000  0.948994
21638.000  0.944652
21640.000  0.92928
21642.000  0.963389
21644.000  0.955459
21646.000  0.949371
21648.000  0.936246
21650.000  0.944643
21652.000  0.937805
21654.000  0.902286
21656.000  0.900956
21658.000  0.923297
21660.000  0.936324
21662.000  0.958178
21664.000  0.973138
21666.000  0.96014
21668.000  0.933145
21670.000  0.928073
21672.000  0.944997
21674.000  0.944315
21676.000  0.962107
21678.000  0.967821
21680.000  0.97762
21682.000  0.982051
21684.000  0.986128
21686.000  0.978149
21688.000  0.984644
21690.000  0.97942
21692.000  0.972735
21694.000  0.971614
21696.000  0.971427
21698.000  0.963292
21700.000  0.973649
21702.000  0.960193
21704.000  0.939274
21706.000  0.928461
21708.000  0.925464
21710.000  0.975185
21712.000  0.98648
21714.000  0.941141
21716.000  0.955155
21718.000  0.970108
21720.000  0.985032
21722.000  0.976
21724.000  0.957237
21726.000  0.957376
21728.000  0.950997
21730.000  0.774416
21732.000  0.893846
21734.000  0.967285
21736.000  0.960079
21738.000  0.977683
21740.000  0.974051
21742.000  0.971162
21744.000  0.978459
21746.000  0.978491
21748.000  0.974511
21750.000  0.960726
21752.000  0.980219
21754.000  0.965257
21756.000  0.948047
21758.000  0.944239
21760.000  0.906947
21762.000  0.934814
21764.000  0.978351
21766.000  0.950192
21768.000  0.928481
21770.000  0.95375
21772.000  0.965384
21774.000  0.967545
21776.000  0.977977
21778.000  0.960273
21780.000  0.889644
21782.000  0.876277
21784.000  0.924007
21786.000  0.972779
21788.000  0.957051
21790.000  0.968301
21792.000  0.978833
21794.000  0.93815
21796.000  0.965918
21798.000  0.989716
21800.000  0.987167
21802.000  0.974291
21804.000  0.967589
21806.000  0.959199
21808.000  0.970559
21810.000  0.94496
21812.000  0.849428
21814.000  0.933145
21816.000  0.911462
21818.000  0.916368
21820.000  0.901557
21822.000  0.964033
21824.000  0.969892
21826.000  0.958337
21828.000  0.977273
21830.000  0.988219
21832.000  0.977804
21834.000  0.959256
21836.000  0.962073
21838.000  0.959961
21840.000  0.948602
21842.000  0.931796
21844.000  0.956797
21846.000  0.977034
21848.000  0.963755
21850.000  0.978576
21852.000  0.964067
21854.000  0.956414
21856.000  0.967437
21858.000  0.975191
21860.000  0.985984
21862.000  0.959039
21864.000  0.951453
21866.000  0.964066
21868.000  0.98417
21870.000  0.974037
21872.000  0.966151
21874.000  0.955055
21876.000  0.963382
21878.000  0.911764
21880.000  0.900653
21882.000  0.975869
21884.000  0.974574
21886.000  0.984519
21888.000  0.990051
21890.000  0.971238
21892.000  0.972652
21894.000  0.942738
21896.000  0.900337
21898.000  0.912811
21900.000  0.973111
21902.000  0.971288
21904.000  0.961735
21906.000  0.950242
21908.000  0.966341
21910.000  0.968566
21912.000  0.989987
21914.000  0.983315
21916.000  0.977731
21918.000  0.971905
21920.000  0.977198
21922.000  0.980699
21924.000  0.963713
21926.000  0.960032
21928.000  0.974182
21930.000  0.984
21932.000  0.97031
21934.000  0.955101
21936.000  0.957786
21938.000  0.973184
21940.000  0.957971
21942.000  0.951514
21944.000  0.976533
21946.000  0.962921
21948.000  0.963046
21950.000  0.969753
21952.000  0.9818
21954.000  0.957126
21956.000  0.969624
21958.000  0.991069
21960.000  0.981283
21962.000  0.972592
21964.000  0.972442
21966.000  0.975066
21968.000  0.975126
21970.000  0.955288
21972.000  0.957884
21974.000  0.962831
21976.000  0.967061
21978.000  0.972593
21980.000  0.964302
21982.000  0.954014
21984.000  0.980925
21986.000  0.97688
21988.000  0.968826
21990.000  0.978946
21992.000  0.980153
21994.000  0.9823
21996.000  0.965738
21998.000  0.97859
22000.000  0.978009
22002.000  0.95901
22004.000  0.892603
22006.000  0.945585
22008.000  0.971609
22010.000  0.97103
22012.000  0.955392
22014.000  0.955005
22016.000  0.971983
22018.000  0.976917
22020.000  0.966476
22022.000  0.966802
22024.000  0.947783
22026.000  0.968663
22028.000  0.970199
22030.000  0.965173
22032.000  0.972784
22034.000  0.989255
22036.000  0.996612
22038.000  0.996978
22040.000  0.981718
22042.000  0.966306
22044.000  0.95876
22046.000  0.972181
22048.000  0.97432
22050.000  0.861048
22052.000  0.622698
22054.000  0.848555
22056.000  0.844813
22058.000  0.914092
22060.000  0.952272
22062.000  0.888392
22064.000  0.743452
22066.000  0.742612
22068.000  0.919745
22070.000  0.967929
22072.000  0.955332
22074.000  0.95895
22076.000  0.969202
22078.000  0.966548
22080.000  0.964007
22082.000  0.928279
22084.000  0.858372
22086.000  0.957422
22088.000  0.960396
22090.000  0.952282
22092.000  0.946906
22094.000  0.974134
22096.000  0.976766
22098.000  0.970873
22100.000  0.956259
22102.000  0.967081
22104.000  0.972287
22106.000  0.971365
22108.000  0.994096
22110.000  0.990986
22112.000  0.958136
22114.000  0.971147
22116.000  0.983951
22118.000  0.967755
22120.000  0.968114
22122.000  0.971322
22124.000  0.983062
22126.000  0.964319
22128.000  0.972938
22130.000  0.981933
22132.000  0.984264
22134.000  0.973666
22136.000  0.957317
22138.000  0.959482
22140.000  0.980115
22142.000  0.978054
22144.000  0.972372
22146.000  0.953533
22148.000  0.969781
22150.000  0.971342
22152.000  0.968281
22154.000  0.976191
22156.000  0.957253
22158.000  0.947022
22160.000  0.966257
22162.000  0.981765
22164.000  0.987793
22166.000  0.981646
22168.000  0.983972
22170.000  0.987483
22172.000  0.978778
22174.000  0.988576
22176.000  0.972296
22178.000  0.942685
22180.000  0.974026
22182.000  0.99072
22184.000  0.992352
22186.000  0.984518
22188.000  0.977298
22190.000  0.984259
22192.000  0.974204
22194.000  0.957819
22196.000  0.975534
22198.000  0.967381
22200.000  0.97422
22202.000  0.967403
22204.000  0.967433
22206.000  0.896967
22208.000  0.884231
22210.000  0.906929
22212.000  0.939069
22214.000  0.976003
22216.000  0.959444
22218.000  0.956986
22220.000  0.968546
22222.000  0.991125
22224.000  0.99906
22226.000  0.993212
22228.000  0.967317
22230.000  0.967542
22232.000  0.930815
22234.000  0.92491
22236.000  0.955943
22238.000  0.972596
22240.000  0.983386
22242.000  0.973425
22244.000  0.96202
22246.000  0.972992
22248.000  0.979932
22250.000  0.984935
22252.000  0.9675
22254.000  0.969461
22256.000  0.948873
22258.000  0.936744
22260.000  0.941563
22262.000  0.957933
22264.000  0.95702
22266.000  0.894041
22268.000  0.91658
22270.000  0.9724
22272.000  0.97317
22274.000  0.915891
22276.000  0.936704
22278.000  0.910629
22280.000  0.953579
22282.000  0.977153
22284.000  0.987564
22286.000  0.985903
22288.000  0.975028
22290.000  0.975526
22292.000  0.975496
22294.000  0.957474
22296.000  0.940867
22298.000  0.912733
22300.000  0.95557
22302.000  0.966331
22304.000  0.984003
22306.000  0.979623
22308.000  0.937724
22310.000  0.889782
22312.000  0.947238
22314.000  0.985213
22316.000  0.972166
22318.000  0.97786
22320.000  0.988067
22322.000  0.986805
22324.000  0.986667
22326.000  0.988516
22328.000  0.997007
22330.000  0.991343
22332.000  0.983003
22334.000  0.979372
22336.000  0.974773
22338.000  0.97473
22340.000  0.960469
22342.000  0.960611
22344.000  0.982913
22346.000  0.968523
22348.000  0.959476
22350.000  0.974242
22352.000  0.976248
22354.000  0.97325
22356.000  0.976876
22358.000  0.970773
22360.000  0.958961
22362.000  0.981232
22364.000  0.988883
22366.000  0.979196
22368.000  0.971042
22370.000  0.974057
22372.000  0.968624
22374.000  0.966275
22376.000  0.960878
22378.000  0.960681
22380.000  0.93269
22382.000  0.951203
22384.000  0.963965
22386.000  0.963829
22388.000  0.954787
22390.000  0.874386
22392.000  0.907384
22394.000  0.80979
22396.000  0.898794
22398.000  0.973181
22400.000  0.966234
22402.000  0.976134
22404.000  0.966159
22406.000  0.975272
22408.000  0.97908
22410.000  0.982964
22412.000  0.986639
22414.000  0.964951
22416.000  0.965816
22418.000  0.970611
22420.000  0.94339
22422.000  0.962261
22424.000  0.959951
22426.000  0.96137
22428.000  0.971144
22430.000  0.973572
22432.000  0.97227
22434.000  0.979924
22436.000  0.978357
22438.000  0.977306
22440.000  0.974866
22442.000  0.945506
22444.000  0.925321
22446.000  0.983495
22448.000  0.997431
22450.000  0.989486
22452.000  0.981504
22454.000  0.972398
22456.000  0.965006
22458.000  0.979854
22460.000  0.973199
22462.000  0.963675
22464.000  0.972132
22466.000  0.989631
22468.000  0.971902
22470.000  0.968916
22472.000  0.938492
22474.000  0.924586
22476.000  0.973863
22478.000  0.956999
22480.000  0.966133
22482.000  0.986017
22484.000  0.96474
22486.000  0.978492
22488.000  0.952868
22490.000  0.970026
22492.000  0.970937
22494.000  0.962663
22496.000  0.984788
22498.000  0.981567
22500.000  0.984171
22502.000  0.972642
22504.000  0.969427
22506.000  0.971523
22508.000  0.966401
22510.000  0.979892
22512.000  0.981651
22514.000  0.96563
22516.000  0.973647
22518.000  0.9718
22520.000  0.98133
22522.000  0.972571
22524.000  0.980104
22526.000  0.976076
22528.000  0.988832
22530.000  0.997447
22532.000  0.987885
22534.000  0.959617
22536.000  0.925068
22538.000  0.910583
22540.000  0.969021
22542.000  0.962621
22544.000  0.924317
22546.000  0.967634
22548.000  0.973217
22550.000  0.982545
22552.000  0.959055
22554.000  0.97404
22556.000  0.975918
22558.000  0.984005
22560.000  0.982671
22562.000  0.982549
22564.000  0.962924
22566.000  0.977787
22568.000  0.978404
22570.000  0.965504
22572.000  0.974492
22574.000  0.973043
22576.000  0.979941
22578.000  0.985624
22580.000  0.979023
22582.000  0.981477
22584.000  0.982682
22586.000  0.975127
22588.000  0.984141
22590.000  0.984873
22592.000  0.969979
22594.000  0.969344
22596.000  0.973052
22598.000  0.97341
22600.000  0.98526
22602.000  0.994396
22604.000  0.986463
22606.000  0.968745
22608.000  0.911278
22610.000  0.921321
22612.000  0.940273
22614.000  0.970079
22616.000  0.964698
22618.000  0.951325
22620.000  0.884412
22622.000  0.931512
22624.000  0.939713
22626.000  0.915517
22628.000  0.95712
22630.000  0.968723
22632.000  0.938713
22634.000  0.947636
22636.000  0.835372
22638.000  0.85018
22640.000  0.974016
22642.000  0.980811
22644.000  0.976084
22646.000  0.981122
22648.000  0.986574
22650.000  0.949049
22652.000  0.924057
22654.000  0.943206
22656.000  0.821198
22658.000  0.85371
22660.000  0.968412
22662.000  0.986263
22664.000  0.98185
22666.000  0.969563
22668.000  0.975757
22670.000  0.988113
22672.000  0.980213
22674.000  0.977978
22676.000  0.973604
22678.000  0.975578
22680.000  0.966271
22682.000  0.963573
22684.000  0.964087
22686.000  0.97117
22688.000  0.985611
22690.000  0.978477
22692.000  0.962012
22694.000  0.988872
22696.000  0.975242
22698.000  0.972828
22700.000  0.960506
22702.000  0.963083
22704.000  0.984985
22706.000  0.988222
22708.000  0.973244
22710.000  0.990871
22712.000  0.979888
22714.000  0.972235
22716.000  0.984973
22718.000  0.977568
22720.000  0.985152
22722.000  0.994667
22724.000  0.991964
22726.000  0.982095
22728.000  0.974623
22730.000  0.974907
22732.000  0.986062
22734.000  0.982002
22736.000  0.980776
22738.000  0.985512
22740.000  0.942186
22742.000  0.970405
22744.000  0.98471
22746.000  0.988465
22748.000  0.965085
22750.000  0.96646
22752.000  0.968064
22754.000  0.964723
22756.000  0.990593
22758.000  0.97334
22760.000  0.953882
22762.000  0.962878
22764.000  0.986174
22766.000  0.993635
22768.000  0.998828
22770.000  0.99792
22772.000  0.986099
22774.000  0.974214
22776.000  0.975132
22778.000  0.988016
22780.000  0.994355
22782.000  0.979729
22784.000  0.969879
22786.000  0.981259
22788.000  0.98792
22790.000  0.973959
22792.000  0.971687
22794.000  0.986326
22796.000  0.984093
22798.000  0.985606
22800.000  0.985487
22802.000  0.98699
22804.000  0.972907
22806.000  0.926201
22808.000  0.825349
22810.000  0.943024
22812.000  0.974776
22814.000  0.985531
22816.000  0.984655
22818.000  0.959126
22820.000  0.925033
22822.000  0.936039
22824.000  0.966915
22826.000  0.970387
22828.000  0.97349
22830.000  0.982146
22832.000  0.948573
22834.000  0.967758
22836.000  0.98548
22838.000  0.988515
22840.000  0.980847
22842.000  0.973902
22844.000  0.977901
22846.000  0.942019
22848.000  0.974736
22850.000  0.974182
22852.000  0.979963
22854.000  0.987198
22856.000  0.973339
22858.000  0.96143
22860.000  0.985783
22862.000  0.986301
22864.000  0.981185
22866.000  0.993866
22868.000  0.979572
22870.000  0.969847
22872.000  0.969606
22874.000  0.986501
22876.000  0.991564
22878.000  0.990446
22880.000  0.976137
22882.000  0.977062
22884.000  0.977715
22886.000  0.989713
22888.000  0.986626
22890.000  0.963533
22892.000  0.97359
22894.000  0.982171
22896.000  0.976022
22898.000  0.971693
22900.000  0.96598
22902.000  0.981035
22904.000  0.98664
22906.000  0.966887
22908.000  0.97243
22910.000  0.98841
22912.000  0.984064
22914.000  0.967757
22916.000  0.969786
22918.000  0.985944
22920.000  0.988134
22922.000  0.983474
22924.000  0.97668
22926.000  0.953209
22928.000  0.757668
22930.000  0.505829
22932.000  0.543606
22934.000  0.604385
22936.000  0.647785
22938.000  0.685962
22940.000  0.697455
22942.000  0.7372
22944.000  0.721415
22946.000  0.784289
22948.000  0.738269
22950.000  0.798972
22952.000  0.738437
22954.000  0.847875
22956.000  0.724734
22958.000  0.868084
22960.000  0.774891
22962.000  0.747838
22964.000  0.81539
22966.000  0.711938
22968.000  0.867874
22970.000  0.889331
22972.000  0.730746
22974.000  0.898234
22976.000  0.911828
22978.000  0.729267
22980.000  0.875035
22982.000  0.940352
22984.000  0.703404
22986.000  0.551001
22988.000  0.85089
22990.000  0.874701
22992.000  0.753204
22994.000  0.933033
22996.000  0.956362
22998.000  0.795794
23000.000  0.805431
23002.000  0.971276
23004.000  0.966407
23006.000  0.803539
23008.000  0.846811
23010.000  0.975008
23012.000  0.971539
23014.000  0.842887
23016.000  0.839218
23018.000  0.974756
23020.000  0.974857
23022.000  0.889928
23024.000  0.811141
23026.000  0.941901
23028.000  0.968271
23030.000  0.946702
23032.000  0.784859
23034.000  0.867664
23036.000  0.960005
23038.000  0.953081
23040.000  0.900323
23042.000  0.755242
23044.000  0.908249
23046.000  0.958023
23048.000  0.965362
23050.000  0.86889
23052.000  0.753022
23054.000  0.919581
23056.000  0.974767
23058.000  0.96938
23060.000  0.897588
23062.000  0.765795
23064.000  0.902817
23066.000  0.965933
23068.000  0.974815
23070.000  0.944751
23072.000  0.792842
23074.000  0.842015
23076.000  0.947639
23078.000  0.963749
23080.000  0.965645
23082.000  0.860525
23084.000  0.806754
23086.000  0.904444
23088.000  0.974889
23090.000  0.973791
23092.000  0.930477
23094.000  0.807792
23096.000  0.856497
23098.000  0.920326
23100.000  0.982556
23102.000  0.980249
23104.000  0.938866
23106.000  0.815282
23108.000  0.883078
23110.000  0.912103
23112.000  0.970866
23114.000  0.985377
23116.000  0.955467
23118.000  0.79358
23120.000  0.780003
23122.000  0.875757
23124.000  0.962908
23126.000  0.980899
23128.000  0.952907
23130.000  0.831565
23132.000  0.869937
23134.000  0.928857
23136.000  0.920854
23138.000  0.976611
23140.000  0.980994
23142.000  0.913168
23144.000  0.792168
23146.000  0.930529
23148.000  0.927299
23150.000  0.930628
23152.000  0.97887
23154.000  0.972174
23156.000  0.862162
23158.000  0.85504
23160.000  0.960202
23162.000  0.927808
23164.000  0.89251
23166.000  0.960814
23168.000  0.966092
23170.000  0.846569
23172.000  0.861942
23174.000  0.944732
23176.000  0.93691
23178.000  0.909523
23180.000  0.96559
23182.000  0.952814
23184.000  0.867248
23186.000  0.864753
23188.000  0.931217
23190.000  0.892679
23192.000  0.887026
23194.000  0.944331
23196.000  0.982357
23198.000  0.912959
23200.000  0.838471
23202.000  0.955793
23204.000  0.968392
23206.000  0.972059
23208.000  0.923703
23210.000  0.962878
23212.000  0.953797
23214.000  0.830025
23216.000  0.88721
23218.000  0.900284
23220.000  0.619991
23222.000  0.469939
23224.000  0.535193
23226.000  0.590189
23228.000  0.61698
23230.000  0.621901
23232.000  0.681154
23234.000  0.684178
23236.000  0.724718
23238.000  0.727723
23240.000  0.754547
23242.000  0.732177
23244.000  0.76289
23246.000  0.650486
23248.000  0.824573
23250.000  0.724707
23252.000  0.796298
23254.000  0.792943
23256.000  0.689802
23258.000  0.829717
23260.000  0.796821
23262.000  0.720153
23264.000  0.904501
23266.000  0.825777
23268.000  0.741186
23270.000  0.909101
23272.000  0.876561
23274.000  0.726929
23276.000  0.843684
23278.000  0.807352
23280.000  0.708539
23282.000  0.781292
23284.000  0.947123
23286.000  0.903323
23288.000  0.734011
23290.000  0.84611
23292.000  0.916233
23294.000  0.840959
23296.000  0.671734
23298.000  0.859147
23300.000  0.962625
23302.000  0.901237
23304.000  0.724292
23306.000  0.849131
23308.000  0.923616
23310.000  0.900261
23312.000  0.724129
23314.000  0.775645
23316.000  0.947538
23318.000  0.963072
23320.000  0.890608
23322.000  0.736059
23324.000  0.910024
23326.000  0.971923
23328.000  0.92773
23330.000  0.752257
23332.000  0.731508
23334.000  0.926878
23336.000  0.97166
23338.000  0.961925
23340.000  0.842937
23342.000  0.811829
23344.000  0.95264
23346.000  0.955188
23348.000  0.805665
23350.000  0.74143
23352.000  0.784003
23354.000  0.95115
23356.000  0.984194
23358.000  0.982335
23360.000  0.918149
23362.000  0.746236
23364.000  0.882473
23366.000  0.926647
23368.000  0.838579
23370.000  0.927445
23372.000  0.826802
23374.000  0.765748
23376.000  0.935878
23378.000  0.889421
23380.000  0.881795
23382.000  0.936214
23384.000  0.77346
23386.000  0.73284
23388.000  0.872081
23390.000  0.950298
23392.000  0.973817
23394.000  0.942154
23396.000  0.790291
23398.000  0.818603
23400.000  0.947169
23402.000  0.948968
23404.000  0.73456
23406.000  0.700924
23408.000  0.753616
23410.000  0.800772
23412.000  0.908925
23414.000  0.977581
23416.000  0.977495
23418.000  0.967056
23420.000  0.859914
23422.000  0.825104
23424.000  0.884443
23426.000  0.873231
23428.000  0.947014
23430.000  0.963822
23432.000  0.920516
23434.000  0.801199
23436.000  0.887233
23438.000  0.904089
23440.000  0.932097
23442.000  0.927841
23444.000  0.963753
23446.000  0.860947
23448.000  0.77267
23450.000  0.899012
23452.000  0.886566
23454.000  0.942431
23456.000  0.982488
23458.000  0.964906
23460.000  0.883812
23462.000  0.809104
23464.000  0.941142
23466.000  0.919911
23468.000  0.924429
23470.000  0.967109
23472.000  0.929871
23474.000  0.882216
23476.000  0.791627
23478.000  0.926891
23480.000  0.960983
23482.000  0.912367
23484.000  0.959335
23486.000  0.97119
23488.000  0.90538
23490.000  0.801819
23492.000  0.873036
23494.000  0.965872
23496.000  0.953862
23498.000  0.895923
23500.000  0.952846
23502.000  0.976317
23504.000  0.911284
23506.000  0.812293
23508.000  0.926332
23510.000  0.889103
23512.000  0.918054
23514.000  0.907197
23516.000  0.889806
23518.000  0.62135
23520.000  0.459082
23522.000  0.504139
23524.000  0.594905
23526.000  0.635211
23528.000  0.658457
23530.000  0.640822
23532.000  0.639422
23534.000  0.687185
23536.000  0.695825
23538.000  0.639031
23540.000  0.773422
23542.000  0.744181
23544.000  0.802905
23546.000  0.760125
23548.000  0.787112
23550.000  0.824814
23552.000  0.710235
23554.000  0.635102
23556.000  0.727228
23558.000  0.765448
23560.000  0.882524
23562.000  0.825866
23564.000  0.735874
23566.000  0.821335
23568.000  0.820475
23570.000  0.72439
23572.000  0.810752
23574.000  0.890992
23576.000  0.786385
23578.000  0.777906
23580.000  0.928168
23582.000  0.878918
23584.000  0.766433
23586.000  0.802517
23588.000  0.807826
23590.000  0.824306
23592.000  0.757822
23594.000  0.851001
23596.000  0.915861
23598.000  0.808364
23600.000  0.719026
23602.000  0.796391
23604.000  0.89994
23606.000  0.793301
23608.000  0.758548
23610.000  0.806492
23612.000  0.959233
23614.000  0.975282
23616.000  0.868004
23618.000  0.744755
23620.000  0.837574
23622.000  0.885472
23624.000  0.734234
23626.000  0.716016
23628.000  0.765444
23630.000  0.942361
23632.000  0.984467
23634.000  0.967618
23636.000  0.819853
23638.000  0.758321
23640.000  0.866218
23642.000  0.840234
23644.000  0.921945
23646.000  0.84047
23648.000  0.667545
23650.000  0.83733
23652.000  0.963431
23654.000  0.976089
23656.000  0.931312
23658.000  0.74486
23660.000  0.752779
23662.000  0.856487
23664.000  0.962252
23666.000  0.9716
23668.000  0.887353
23670.000  0.794843
23672.000  0.881694
23674.000  0.849345
23676.000  0.958506
23678.000  0.96459
23680.000  0.792095
23682.000  0.77484
23684.000  0.922757
23686.000  0.976374
23688.000  0.982221
23690.000  0.958347
23692.000  0.823115
23694.000  0.754155
23696.000  0.918555
23698.000  0.853836
23700.000  0.783811
23702.000  0.887233
23704.000  0.872896
23706.000  0.757354
23708.000  0.922228
23710.000  0.989902
23712.000  0.987905
23714.000  0.982297
23716.000  0.945608
23718.000  0.748771
23720.000  0.719964
23722.000  0.856945
23724.000  0.805317
23726.000  0.920071
23728.000  0.97336
23730.000  0.889329
23732.000  0.794559
23734.000  0.856172
23736.000  0.831126
23738.000  0.86449
23740.000  0.915345
23742.000  0.906032
23744.000  0.853898
23746.000  0.820978
23748.000  0.860883
23750.000  0.817193
23752.000  0.929121
23754.000  0.980368
23756.000  0.9702
23758.000  0.872754
23760.000  0.840216
23762.000  0.909717
23764.000  0.936697
23766.000  0.969502
23768.000  0.950474
23770.000  0.972522
23772.000  0.913222
23774.000  0.80595
23776.000  0.784415
23778.000  0.776667
23780.000  0.939294
23782.000  0.961432
23784.000  0.888213
23786.000  0.929967
23788.000  0.835144
23790.000  0.872237
23792.000  0.929908
23794.000  0.917985
23796.000  0.967581
23798.000  0.984725
23800.000  0.977207
23802.000  0.870087
23804.000  0.717176
23806.000  0.827887
23808.000  0.854356
23810.000  0.795224
23812.000  0.953329
23814.000  0.956529
23816.000  0.95736
23818.000  0.898397
23820.000  0.805183
23822.000  0.743536
23824.000  0.514533
23826.000  0.529213
23828.000  0.542283
23830.000  0.554251
23832.000  0.627808
23834.000  0.68047
23836.000  0.645271
23838.000  0.694409
23840.000  0.740751
23842.000  0.748941
23844.000  0.751054
23846.000  0.765205
23848.000  0.790681
23850.000  0.715927
23852.000  0.636548
23854.000  0.741747
23856.000  0.783763
23858.000  0.735591
23860.000  0.740346
23862.000  0.786714
23864.000  0.82552
23866.000  0.817944
23868.000  0.763099
23870.000  0.749685
23872.000  0.80961
23874.000  0.735591
23876.000  0.857824
23878.000  0.850147
23880.000  0.777466
23882.000  0.86357
23884.000  0.888364
23886.000  0.681332
23888.000  0.663571
23890.000  0.89397
23892.000  0.879899
23894.000  0.83534
23896.000  0.795409
23898.000  0.790711
23900.000  0.838569
23902.000  0.84038
23904.000  0.730305
23906.000  0.839961
23908.000  0.932935
23910.000  0.863094
23912.000  0.807192
23914.000  0.798541
23916.000  0.825698
23918.000  0.841083
23920.000  0.804769
23922.000  0.659545
23924.000  0.758546
23926.000  0.927816
23928.000  0.884468
23930.000  0.811596
23932.000  0.862827
23934.000  0.966765
23936.000  0.952427
23938.000  0.838276
23940.000  0.764424
23942.000  0.725441
23944.000  0.779349
23946.000  0.810142
23948.000  0.811785
23950.000  0.798683
23952.000  0.832897
23954.000  0.944013
23956.000  0.966321
23958.000  0.915589
23960.000  0.79766
23962.000  0.742286
23964.000  0.93201
23966.000  0.98173
23968.000  0.964191
23970.000  0.899502
23972.000  0.660503
23974.000  0.688459
23976.000  0.928533
23978.000  0.943773
23980.000  0.873974
23982.000  0.838528
23984.000  0.767234
23986.000  0.872472
23988.000  0.972647
23990.000  0.956197
23992.000  0.965266
23994.000  0.926671
23996.000  0.722411
23998.000  0.720657
