15000.000  0.921239
15002.000  0.798073
15004.000  0.833103
15006.000  0.866924
15008.000  0.877563
15010.000  0.877194
15012.000  0.830394
15014.000  0.934224
15016.000  0.917902
15018.000  0.897411
15020.000  0.807613
15022.000  0.771201
15024.000  0.672613
15026.000  0.706524
15028.000  0.83917
15030.000  0.836867
15032.000  0.893674
15034.000  0.848864
15036.000  0.89519
15038.000  0.874633
15040.000  0.688844
15042.000  0.835475
15044.000  0.916114
15046.000  0.854839
15048.000  0.712298
15050.000  0.713851
15052.000  0.740073
15054.000  0.84846
15056.000  0.868481
15058.000  0.856795
15060.000  0.858612
15062.000  0.826466
15064.000  0.864032
15066.000  0.918041
15068.000  0.875271
15070.000  0.872678
15072.000  0.89743
15074.000  0.856752
15076.000  0.825718
15078.000  0.790415
15080.000  0.825144
15082.000  0.869503
15084.000  0.790595
15086.000  0.857356
15088.000  0.845553
15090.000  0.81972
15092.000  0.887403
15094.000  0.919617
15096.000  0.905066
15098.000  0.818695
15100.000  0.850403
15102.000  0.898913
15104.000  0.910824
15106.000  0.885142
15108.000  0.871197
15110.000  0.85479
15112.000  0.840567
15114.000  0.856484
15116.000  0.794083
15118.000  0.753124
15120.000  0.861448
15122.000  0.834467
15124.000  0.926105
15126.000  0.941707
15128.000  0.833324
15130.000  0.709378
15132.000  0.809904
15134.000  0.878555
15136.000  0.893119
15138.000  0.870628
15140.000  0.847324
15142.000  0.860501
15144.000  0.811054
15146.000  0.774026
15148.000  0.801985
15150.000  0.889009
15152.000  0.91026
15154.000  0.861151
15156.000  0.868819
15158.000  0.627688
15160.000  0.855056
15162.000  0.852586
15164.000  0.821268
15166.000  0.881005
15168.000  0.858492
15170.000  0.851532
15172.000  0.862415
15174.000  0.868737
15176.000  0.899613
15178.000  0.83708
15180.000  0.783249
15182.000  0.85904
15184.000  0.879751
15186.000  0.85823
15188.000  0.877131
15190.000  0.912496
15192.000  0.877943
15194.000  0.806192
15196.000  0.866016
15198.000  0.885073
15200.000  0.828835
15202.000  0.922923
15204.000  0.906771
15206.000  0.86354
15208.000  0.80209
15210.000  0.825683
15212.000  0.830812
15214.000  0.8739
15216.000  0.839618
15218.000  0.628357
15220.000  0.806714
15222.000  0.856387
15224.000  0.885424
15226.000  0.890703
15228.000  0.852783
15230.000  0.919341
15232.000  0.908745
15234.000  0.930055
15236.000  0.843643
15238.000  0.849079
15240.000  0.908126
15242.000  0.811076
15244.000  0.77244
15246.000  0.825432
15248.000  0.890691
15250.000  0.915685
15252.000  0.845196
15254.000  0.848597
15256.000  0.890925
15258.000  0.902037
15260.000  0.883468
15262.000  0.687542
15264.000  0.721213
15266.000  0.800286
15268.000  0.882643
15270.000  0.914993
15272.000  0.885309
15274.000  0.95299
15276.000  0.849931
15278.000  0.782139
15280.000  0.787371
15282.000  0.8043
15284.000  0.791476
15286.000  0.829883
15288.000  0.901537
15290.000  0.913093
15292.000  0.881409
15294.000  0.794169
15296.000  0.851454
15298.000  0.870468
15300.000  0.899658
15302.000  0.928508
15304.000  0.952127
15306.000  0.905303
15308.000  0.868039
15310.000  0.879823
15312.000  0.892381
15314.000  0.884414
15316.000  0.884041
15318.000  0.814983
15320.000  0.875354
15322.000  0.887185
15324.000  0.895912
15326.000  0.932601
15328.000  0.805942
15330.000  0.898087
15332.000  0.925562
15334.000  0.814389
15336.000  0.789891
15338.000  0.899208
15340.000  0.917051
15342.000  0.829523
15344.000  0.805083
15346.000  0.852185
15348.000  0.932955
15350.000  0.947634
15352.000  0.889439
15354.000  0.842502
15356.000  0.865567
15358.000  0.827638
15360.000  0.844675
15362.000  0.921418
15364.000  0.903776
15366.000  0.963673
15368.000  0.90343
15370.000  0.83758
15372.000  0.780133
15374.000  0.795006
15376.000  0.81716
15378.000  0.841967
15380.000  0.847106
15382.000  0.790547
15384.000  0.793691
15386.000  0.84269
15388.000  0.813056
15390.000  0.853099
15392.000  0.805003
15394.000  0.837109
15396.000  0.816532
15398.000  0.908585
15400.000  0.829141
15402.000  0.828643
15404.000  0.857044
15406.000  0.854953
15408.000  0.784869
15410.000  0.880849
15412.000  0.924388
15414.000  0.929314
15416.000  0.881895
15418.000  0.817975
15420.000  0.77758
15422.000  0.801734
15424.000  0.858478
15426.000  0.78157
15428.000  0.771934
15430.000  0.818628
15432.000  0.854046
15434.000  0.787747
15436.000  0.846125
15438.000  0.897025
15440.000  0.911412
15442.000  0.942077
15444.000  0.953863
15446.000  0.939215
15448.000  0.952532
15450.000  0.915196
15452.000  0.886534
15454.000  0.897068
15456.000  0.852876
15458.000  0.818346
15460.000  0.860251
15462.000  0.888333
15464.000  0.877747
15466.000  0.907117
15468.000  0.918341
15470.000  0.834662
15472.000  0.851518
15474.000  0.848935
15476.000  0.865211
15478.000  0.914661
15480.000  0.931243
15482.000  0.892926
15484.000  0.882329
15486.000  0.945597
15488.000  0.911914
15490.000  0.846235
15492.000  0.896101
15494.000  0.886955
15496.000  0.803234
15498.000  0.847494
15500.000  0.867825
15502.000  0.897852
15504.000  0.889677
15506.000  0.818832
15508.000  0.912717
15510.000  0.935682
15512.000  0.835457
15514.000  0.776198
15516.000  0.924453
15518.000  0.905217
15520.000  0.934483
15522.000  0.955454
15524.000  0.937078
15526.000  0.97141
15528.000  0.926013
15530.000  0.880262
15532.000  0.807796
15534.000  0.741066
15536.000  0.758007
15538.000  0.865934
15540.000  0.897744
15542.000  0.80102
15544.000  0.786338
15546.000  0.921212
15548.000  0.935053
15550.000  0.91836
15552.000  0.827277
15554.000  0.799078
15556.000  0.788706
15558.000  0.77467
15560.000  0.823758
15562.000  0.919771
15564.000  0.891582
15566.000  0.893628
15568.000  0.867038
15570.000  0.879618
15572.000  0.850098
15574.000  0.894779
15576.000  0.812163
15578.000  0.77085
15580.000  0.759482
15582.000  0.823766
15584.000  0.842836
15586.000  0.87483
15588.000  0.861426
15590.000  0.895354
15592.000  0.857139
15594.000  0.80225
15596.000  0.828326
15598.000  0.864616
15600.000  0.887954
15602.000  0.859668
15604.000  0.896388
15606.000  0.894395
15608.000  0.88275
15610.000  0.910979
15612.000  0.875993
15614.000  0.894614
15616.000  0.858188
15618.000  0.855252
15620.000  0.87678
15622.000  0.827906
15624.000  0.900319
15626.000  0.853532
15628.000  0.83366
15630.000  0.898814
15632.000  0.770556
15634.000  0.879546
15636.000  0.857298
15638.000  0.805773
15640.000  0.855593
15642.000  0.891674
15644.000  0.881222
15646.000  0.922197
15648.000  0.877771
15650.000  0.869739
15652.000  0.848887
15654.000  0.840041
15656.000  0.890938
15658.000  0.881136
15660.000  0.843678
15662.000  0.870416
15664.000  0.928304
15666.000  0.883745
15668.000  0.880846
15670.000  0.968592
15672.000  0.849237
15674.000  0.789621
15676.000  0.887959
15678.000  0.882187
15680.000  0.878451
15682.000  0.879115
15684.000  0.864265
15686.000  0.847935
15688.000  0.93721
15690.000  0.889056
15692.000  0.785183
15694.000  0.842152
15696.000  0.949603
15698.000  0.843273
15700.000  0.871424
15702.000  0.88657
15704.000  0.858817
15706.000  0.876652
15708.000  0.859454
15710.000  0.900249
15712.000  0.863323
15714.000  0.856847
15716.000  0.767029
15718.000  0.868087
15720.000  0.860461
15722.000  0.900379
15724.000  0.871936
15726.000  0.821334
15728.000  0.849504
15730.000  0.842702
15732.000  0.88228
15734.000  0.946145
15736.000  0.912388
15738.000  0.904913
15740.000  0.747986
15742.000  0.713765
15744.000  0.745322
15746.000  0.887017
15748.000  0.794094
15750.000  0.783266
15752.000  0.900424
15754.000  0.870867
15756.000  0.765074
15758.000  0.838177
15760.000  0.942347
15762.000  0.923805
15764.000  0.893575
15766.000  0.731751
15768.000  0.81348
15770.000  0.782998
15772.000  0.864578
15774.000  0.699867
15776.000  0.630417
15778.000  0.710479
15780.000  0.771611
15782.000  0.829683
15784.000  0.842711
15786.000  0.843531
15788.000  0.831274
15790.000  0.882404
15792.000  0.858479
15794.000  0.856005
15796.000  0.813174
15798.000  0.848083
15800.000  0.876072
15802.000  0.865587
15804.000  0.896998
15806.000  0.895622
15808.000  0.901944
15810.000  0.805126
15812.000  0.91258
15814.000  0.88459
15816.000  0.841635
15818.000  0.782334
15820.000  0.824979
15822.000  0.768045
15824.000  0.85428
15826.000  0.861506
15828.000  0.864663
15830.000  0.883311
15832.000  0.882481
15834.000  0.883295
15836.000  0.844125
15838.000  0.915447
15840.000  0.947203
15842.000  0.891739
15844.000  0.867497
15846.000  0.902265
15848.000  0.881105
15850.000  0.892745
15852.000  0.865355
15854.000  0.834588
15856.000  0.90967
15858.000  0.923252
15860.000  0.856202
15862.000  0.8743
15864.000  0.887117
15866.000  0.909953
15868.000  0.818776
15870.000  0.858012
15872.000  0.883375
15874.000  0.873737
15876.000  0.896175
15878.000  0.821163
15880.000  0.809783
15882.000  0.827403
15884.000  0.769252
15886.000  0.752852
15888.000  0.660989
15890.000  0.783828
15892.000  0.77128
15894.000  0.793266
15896.000  0.923733
15898.000  0.842976
15900.000  0.847682
15902.000  0.859805
15904.000  0.865986
15906.000  0.788449
15908.000  0.906877
15910.000  0.861024
15912.000  0.81408
15914.000  0.867929
15916.000  0.922523
15918.000  0.928786
15920.000  0.852316
15922.000  0.896856
15924.000  0.638872
15926.000  0.733041
15928.000  0.894997
15930.000  0.904531
15932.000  0.880758
15934.000  0.944333
15936.000  0.940942
15938.000  0.933159
15940.000  0.85522
15942.000  0.882032
15944.000  0.954808
15946.000  0.922323
15948.000  0.926856
15950.000  0.894905
15952.000  0.893413
15954.000  0.886926
15956.000  0.927093
15958.000  0.89219
15960.000  0.789442
15962.000  0.919617
15964.000  0.9043
15966.000  0.8873
15968.000  0.841748
15970.000  0.823794
15972.000  0.912263
15974.000  0.929405
15976.000  0.912419
15978.000  0.712107
15980.000  0.652773
15982.000  0.669261
15984.000  0.829875
15986.000  0.862884
15988.000  0.831048
15990.000  0.798394
15992.000  0.852431
15994.000  0.903489
15996.000  0.862208
15998.000  0.892403
16000.000  0.849448
16002.000  0.83083
16004.000  0.84983
16006.000  0.832752
16008.000  0.869769
16010.000  0.817767
16012.000  0.835079
16014.000  0.849046
16016.000  0.852443
16018.000  0.925021
16020.000  0.871326
16022.000  0.808782
16024.000  0.842775
16026.000  0.838459
16028.000  0.929092
16030.000  0.813796
16032.000  0.820878
16034.000  0.90818
16036.000  0.833629
16038.000  0.783055
16040.000  0.865721
16042.000  0.869589
16044.000  0.882773
16046.000  0.97763
16048.000  0.918367
16050.000  0.885463
16052.000  0.860969
16054.000  0.83411
16056.000  0.815424
16058.000  0.935527
16060.000  0.829457
16062.000  0.789912
16064.000  0.840362
16066.000  0.869174
16068.000  0.917444
16070.000  0.861718
16072.000  0.901495
16074.000  0.814604
16076.000  0.843618
16078.000  0.878279
16080.000  0.939155
16082.000  0.896578
16084.000  0.874386
16086.000  0.942821
16088.000  0.963186
16090.000  0.888223
16092.000  0.896101
16094.000  0.820243
16096.000  0.816819
16098.000  0.889938
16100.000  0.893865
16102.000  0.834197
16104.000  0.884706
16106.000  0.887989
16108.000  0.877707
16110.000  0.866756
16112.000  0.905161
16114.000  0.918826
16116.000  0.885759
16118.000  0.872641
16120.000  0.935369
16122.000  0.90725
16124.000  0.838587
16126.000  0.923136
16128.000  0.892638
16130.000  0.922179
16132.000  0.954723
16134.000  0.912431
16136.000  0.804817
16138.000  0.841801
16140.000  0.927859
16142.000  0.975751
16144.000  0.92157
16146.000  0.91867
16148.000  0.876796
16150.000  0.804992
16152.000  0.807775
16154.000  0.813535
16156.000  0.77615
16158.000  0.805326
16160.000  0.890382
16162.000  0.881569
16164.000  0.850428
16166.000  0.896257
16168.000  0.924558
16170.000  0.950135
16172.000  0.97433
16174.000  0.929699
16176.000  0.946594
16178.000  0.966166
16180.000  0.886376
16182.000  0.923493
16184.000  0.785548
16186.000  0.670899
16188.000  0.77193
16190.000  0.729396
16192.000  0.760348
16194.000  0.824088
16196.000  0.802169
16198.000  0.695238
16200.000  0.602679
16202.000  0.788037
16204.000  0.751756
16206.000  0.824726
16208.000  0.767134
16210.000  0.867602
16212.000  0.921146
16214.000  0.892282
16216.000  0.783173
16218.000  0.79855
16220.000  0.845743
16222.000  0.916037
16224.000  0.80915
16226.000  0.76587
16228.000  0.917652
16230.000  0.840663
16232.000  0.847399
16234.000  0.94885
16236.000  0.885228
16238.000  0.882073
16240.000  0.827178
16242.000  0.767927
16244.000  0.851199
16246.000  0.932782
16248.000  0.826011
16250.000  0.843327
16252.000  0.812842
16254.000  0.851892
16256.000  0.844333
16258.000  0.915757
16260.000  0.829418
16262.000  0.898927
16264.000  0.94177
16266.000  0.865222
16268.000  0.906419
16270.000  0.934275
16272.000  0.935933
16274.000  0.864177
16276.000  0.895781
16278.000  0.949958
16280.000  0.901089
16282.000  0.890032
16284.000  0.916981
16286.000  0.946133
16288.000  0.956618
16290.000  0.907543
16292.000  0.897763
16294.000  0.918955
16296.000  0.904398
16298.000  0.843927
16300.000  0.838465
16302.000  0.936112
16304.000  0.899747
16306.000  0.922299
16308.000  0.902912
16310.000  0.819167
16312.000  0.840713
16314.000  0.917333
16316.000  0.8979
16318.000  0.892441
16320.000  0.935378
16322.000  0.896996
16324.000  0.862246
16326.000  0.936267
16328.000  0.951335
16330.000  0.944941
16332.000  0.897532
16334.000  0.876423
16336.000  0.911081
16338.000  0.835566
16340.000  0.927629
16342.000  0.953382
16344.000  0.963941
16346.000  0.863509
16348.000  0.887171
16350.000  0.935903
16352.000  0.840655
16354.000  0.843266
16356.000  0.843465
16358.000  0.896335
16360.000  0.963869
16362.000  0.962582
16364.000  0.772925
16366.000  0.838962
16368.000  0.853264
16370.000  0.914005
16372.000  0.951259
16374.000  0.88145
16376.000  0.866917
16378.000  0.925812
16380.000  0.797826
16382.000  0.754483
16384.000  0.856672
16386.000  0.931253
16388.000  0.900523
16390.000  0.923773
16392.000  0.944042
16394.000  0.906188
16396.000  0.765258
16398.000  0.711006
16400.000  0.830096
16402.000  0.828622
16404.000  0.816174
16406.000  0.668511
16408.000  0.793802
16410.000  0.84481
16412.000  0.836097
16414.000  0.830433
16416.000  0.888997
16418.000  0.852643
16420.000  0.912662
16422.000  0.901794
16424.000  0.910596
16426.000  0.867817
16428.000  0.910971
16430.000  0.873592
16432.000  0.912404
16434.000  0.840349
16436.000  0.817786
16438.000  0.847454
16440.000  0.91944
16442.000  0.86333
16444.000  0.695649
16446.000  0.861192
16448.000  0.862237
16450.000  0.878191
16452.000  0.87955
16454.000  0.772722
16456.000  0.83574
16458.000  0.928085
16460.000  0.949998
16462.000  0.910949
16464.000  0.944598
16466.000  0.952422
16468.000  0.938574
16470.000  0.921776
16472.000  0.855956
16474.000  0.798683
16476.000  0.880791
16478.000  0.897876
16480.000  0.90831
16482.000  0.910152
16484.000  0.936933
16486.000  0.858282
16488.000  0.841654
16490.000  0.828559
16492.000  0.922511
16494.000  0.889327
16496.000  0.886799
16498.000  0.904018
16500.000  0.969178
16502.000  0.967804
16504.000  0.957529
16506.000  0.879437
16508.000  0.930841
16510.000  0.960807
16512.000  0.913866
16514.000  0.873138
16516.000  0.940933
16518.000  0.968124
16520.000  0.936345
16522.000  0.926504
16524.000  0.866643
16526.000  0.859034
16528.000  0.929225
16530.000  0.958606
16532.000  0.940468
16534.000  0.847979
16536.000  0.892678
16538.000  0.864228
16540.000  0.915621
16542.000  0.933557
16544.000  0.93546
16546.000  0.954832
16548.000  0.934744
16550.000  0.885933
16552.000  0.941878
16554.000  0.97236
16556.000  0.919506
16558.000  0.897135
16560.000  0.91361
16562.000  0.938458
16564.000  0.921098
16566.000  0.943618
16568.000  0.937634
16570.000  0.850483
16572.000  0.918679
16574.000  0.977478
16576.000  0.956419
16578.000  0.889317
16580.000  0.904341
16582.000  0.817012
16584.000  0.911853
16586.000  0.877684
16588.000  0.923809
16590.000  0.943066
16592.000  0.961584
16594.000  0.90151
16596.000  0.934862
16598.000  0.946919
16600.000  0.93945
16602.000  0.95604
16604.000  0.92111
16606.000  0.845733
16608.000  0.902032
16610.000  0.950954
16612.000  0.905311
16614.000  0.770592
16616.000  0.803057
16618.000  0.854379
16620.000  0.851988
16622.000  0.829249
16624.000  0.840722
16626.000  0.852245
16628.000  0.925928
16630.000  0.899258
16632.000  0.87632
16634.000  0.894089
16636.000  0.860258
16638.000  0.916274
16640.000  0.878699
16642.000  0.885156
16644.000  0.898482
16646.000  0.865465
16648.000  0.947046
16650.000  0.901402
16652.000  0.939105
16654.000  0.862232
16656.000  0.932666
16658.000  0.946849
16660.000  0.932533
16662.000  0.976398
16664.000  0.924408
16666.000  0.849188
16668.000  0.913068
16670.000  0.899986
16672.000  0.894776
16674.000  0.9074
16676.000  0.924109
16678.000  0.888273
16680.000  0.81981
16682.000  0.897048
16684.000  0.929066
16686.000  0.921477
16688.000  0.872866
16690.000  0.917608
16692.000  0.948451
16694.000  0.928105
16696.000  0.929589
16698.000  0.945189
16700.000  0.97555
16702.000  0.964291
16704.000  0.845992
16706.000  0.792269
16708.000  0.693742
16710.000  0.901924
16712.000  0.898226
16714.000  0.884311
16716.000  0.954287
16718.000  0.846161
16720.000  0.836162
16722.000  0.906243
16724.000  0.900868
16726.000  0.933782
16728.000  0.837602
16730.000  0.84713
16732.000  0.930347
16734.000  0.964503
16736.000  0.940939
16738.000  0.934183
16740.000  0.964282
16742.000  0.965635
16744.000  0.965204
16746.000  0.941164
16748.000  0.898431
16750.000  0.702566
16752.000  0.771555
16754.000  0.923401
16756.000  0.882597
16758.000  0.738126
16760.000  0.922026
16762.000  0.878505
16764.000  0.842382
16766.000  0.914121
16768.000  0.975567
16770.000  0.960258
16772.000  0.952124
16774.000  0.971903
16776.000  0.944557
16778.000  0.946805
16780.000  0.952142
16782.000  0.957644
16784.000  0.935538
16786.000  0.931332
16788.000  0.959568
16790.000  0.96835
16792.000  0.96588
16794.000  0.943582
16796.000  0.924442
16798.000  0.909073
16800.000  0.84215
16802.000  0.926424
16804.000  0.878103
16806.000  0.836922
16808.000  0.817777
16810.000  0.914626
16812.000  0.918916
16814.000  0.944955
16816.000  0.887988
16818.000  0.882325
16820.000  0.9126
16822.000  0.91009
16824.000  0.914514
16826.000  0.959587
16828.000  0.904684
16830.000  0.965865
16832.000  0.97573
16834.000  0.936398
16836.000  0.817061
16838.000  0.844856
16840.000  0.876737
16842.000  0.893844
16844.000  0.868365
16846.000  0.911294
16848.000  0.943884
16850.000  0.928997
16852.000  0.923781
16854.000  0.953231
16856.000  0.894265
16858.000  0.906335
16860.000  0.923752
16862.000  0.889597
16864.000  0.884519
16866.000  0.94239
16868.000  0.898178
16870.000  0.945386
16872.000  0.943891
16874.000  0.9353
16876.000  0.939196
16878.000  0.927249
16880.000  0.966317
16882.000  0.951496
16884.000  0.878726
16886.000  0.861046
16888.000  0.904202
16890.000  0.867702
16892.000  0.919735
16894.000  0.901733
16896.000  0.883832
16898.000  0.893525
16900.000  0.920633
16902.000  0.893686
16904.000  0.81787
16906.000  0.866255
16908.000  0.933915
16910.000  0.885895
16912.000  0.927459
16914.000  0.914317
16916.000  0.923327
16918.000  0.975069
16920.000  0.981851
16922.000  0.967364
16924.000  0.938297
16926.000  0.95242
16928.000  0.952515
16930.000  0.949992
16932.000  0.949275
16934.000  0.923952
16936.000  0.975053
16938.000  0.977959
16940.000  0.946056
16942.000  0.951024
16944.000  0.952834
16946.000  0.972422
16948.000  0.936145
16950.000  0.921559
16952.000  0.958633
16954.000  0.969451
16956.000  0.963056
16958.000  0.934504
16960.000  0.944998
16962.000  0.950428
16964.000  0.938673
16966.000  0.950943
16968.000  0.947606
16970.000  0.923121
16972.000  0.965909
16974.000  0.951543
16976.000  0.935811
16978.000  0.975591
16980.000  0.985448
16982.000  0.950443
16984.000  0.942444
16986.000  0.922319
16988.000  0.94306
16990.000  0.965656
16992.000  0.926444
16994.000  0.941027
16996.000  0.805734
16998.000  0.862306
17000.000  0.962338
17002.000  0.883193
17004.000  0.916259
17006.000  0.932336
17008.000  0.962302
17010.000  0.924151
17012.000  0.894123
17014.000  0.932422
17016.000  0.95119
17018.000  0.960302
17020.000  0.96011
17022.000  0.971056
17024.000  0.984985
17026.000  0.960442
17028.000  0.971398
17030.000  0.98457
17032.000  0.955869
17034.000  0.919941
17036.000  0.958205
17038.000  0.948925
17040.000  0.959899
17042.000  0.966356
17044.000  0.960694
17046.000  0.966311
17048.000  0.975149
17050.000  0.881398
17052.000  0.88778
17054.000  0.960774
17056.000  0.95834
17058.000  0.96582
17060.000  0.940324
17062.000  0.890841
17064.000  0.837137
17066.000  0.80851
17068.000  0.882448
17070.000  0.88809
17072.000  0.909425
17074.000  0.833758
17076.000  0.862281
17078.000  0.920736
17080.000  0.967334
17082.000  0.949781
17084.000  0.938584
17086.000  0.880347
17088.000  0.937488
17090.000  0.927464
17092.000  0.968278
17094.000  0.945911
17096.000  0.898177
17098.000  0.934216
17100.000  0.898325
17102.000  0.919531
17104.000  0.867104
17106.000  0.887162
17108.000  0.716617
17110.000  0.73772
17112.000  0.917319
17114.000  0.921653
17116.000  0.960677
17118.000  0.9362
17120.000  0.888746
17122.000  0.94687
17124.000  0.931907
17126.000  0.946104
17128.000  0.956397
17130.000  0.96265
17132.000  0.954408
17134.000  0.943326
17136.000  0.986724
17138.000  0.950478
17140.000  0.947639
17142.000  0.974219
17144.000  0.978855
17146.000  0.967999
17148.000  0.973644
17150.000  0.979711
17152.000  0.958407
17154.000  0.96363
17156.000  0.937554
17158.000  0.951509
17160.000  0.929442
17162.000  0.920545
17164.000  0.963483
17166.000  0.956853
17168.000  0.961459
17170.000  0.916327
17172.000  0.90824
17174.000  0.859518
17176.000  0.949137
17178.000  0.965991
17180.000  0.964703
17182.000  0.959099
17184.000  0.901984
17186.000  0.940588
17188.000  0.95924
17190.000  0.916411
17192.000  0.91659
17194.000  0.934895
17196.000  0.944221
17198.000  0.962985
17200.000  0.968383
17202.000  0.979164
17204.000  0.881797
17206.000  0.841553
17208.000  0.899838
17210.000  0.961215
17212.000  0.974865
17214.000  0.957954
17216.000  0.97184
17218.000  0.954755
17220.000  0.972988
17222.000  0.964013
17224.000  0.920968
17226.000  0.832499
17228.000  0.864095
17230.000  0.898529
17232.000  0.949828
17234.000  0.931763
17236.000  0.977919
17238.000  0.929385
17240.000  0.865103
17242.000  0.892648
17244.000  0.866375
17246.000  0.958843
17248.000  0.96968
17250.000  0.973393
17252.000  0.941794
17254.000  0.953911
17256.000  0.977498
17258.000  0.980141
17260.000  0.965421
17262.000  0.923884
17264.000  0.953991
17266.000  0.974723
17268.000  0.979175
17270.000  0.981838
17272.000  0.979317
17274.000  0.951623
17276.000  0.958252
17278.000  0.944686
17280.000  0.947634
17282.000  0.947646
17284.000  0.957746
17286.000  0.960813
17288.000  0.952417
17290.000  0.972566
17292.000  0.978244
17294.000  0.941235
17296.000  0.890334
17298.000  0.920291
17300.000  0.944037
17302.000  0.96233
17304.000  0.94859
17306.000  0.921515
17308.000  0.870322
17310.000  0.930907
17312.000  0.90627
17314.000  0.89055
17316.000  0.927261
17318.000  0.902977
17320.000  0.94272
17322.000  0.937463
17324.000  0.765633
17326.000  0.760198
17328.000  0.835546
17330.000  0.924208
17332.000  0.945209
17334.000  0.962311
17336.000  0.934713
17338.000  0.815289
17340.000  0.808243
17342.000  0.956945
17344.000  0.958234
17346.000  0.901571
17348.000  0.872429
17350.000  0.805667
17352.000  0.859552
17354.000  0.929197
17356.000  0.878874
17358.000  0.869232
17360.000  0.895223
17362.000  0.853776
17364.000  0.893168
17366.000  0.912565
17368.000  0.93356
17370.000  0.940744
17372.000  0.95732
17374.000  0.979865
17376.000  0.976502
17378.000  0.923193
17380.000  0.915219
17382.000  0.940128
17384.000  0.957419
17386.000  0.929615
17388.000  0.955918
17390.000  0.957135
17392.000  0.968111
17394.000  0.956144
17396.000  0.950245
17398.000  0.972977
17400.000  0.969069
17402.000  0.958442
17404.000  0.95222
17406.000  0.922428
17408.000  0.862491
17410.000  0.9321
17412.000  0.92078
17414.000  0.894536
17416.000  0.930713
17418.000  0.962905
17420.000  0.90551
17422.000  0.864794
17424.000  0.869308
17426.000  0.92267
17428.000  0.89604
17430.000  0.960495
17432.000  0.97474
17434.000  0.991142
17436.000  0.984791
17438.000  0.967623
17440.000  0.975741
17442.000  0.984847
17444.000  0.969114
17446.000  0.943884
17448.000  0.932801
17450.000  0.952641
17452.000  0.9884
17454.000  0.970919
17456.000  0.942469
17458.000  0.976253
17460.000  0.983229
17462.000  0.980932
17464.000  0.968028
17466.000  0.83648
17468.000  0.849357
17470.000  0.985406
17472.000  0.984151
17474.000  0.974147
17476.000  0.966426
17478.000  0.966458
17480.000  0.976538
17482.000  0.974379
17484.000  0.968375
17486.000  0.9641
17488.000  0.986908
17490.000  0.981264
17492.000  0.941357
17494.000  0.92188
17496.000  0.691168
17498.000  0.802042
17500.000  0.878698
17502.000  0.915555
17504.000  0.967123
17506.000  0.925853
17508.000  0.938068
17510.000  0.976505
17512.000  0.977016
17514.000  0.972905
17516.000  0.976054
17518.000  0.90783
17520.000  0.946432
17522.000  0.942408
17524.000  0.936717
17526.000  0.928185
17528.000  0.951401
17530.000  0.956963
17532.000  0.96468
17534.000  0.935956
17536.000  0.944063
17538.000  0.941476
17540.000  0.945098
17542.000  0.971486
17544.000  0.958878
17546.000  0.94302
17548.000  0.90369
17550.000  0.934247
17552.000  0.969153
17554.000  0.965379
17556.000  0.959792
17558.000  0.980143
17560.000  0.967705
17562.000  0.986387
17564.000  0.973228
17566.000  0.963449
17568.000  0.980652
17570.000  0.974572
17572.000  0.969202
17574.000  0.959746
17576.000  0.955992
17578.000  0.983344
17580.000  0.959172
17582.000  0.938901
17584.000  0.966879
17586.000  0.946545
17588.000  0.963813
17590.000  0.987183
17592.000  0.967807
17594.000  0.964389
17596.000  0.981983
17598.000  0.970926
17600.000  0.982565
17602.000  0.984398
17604.000  0.936613
17606.000  0.688034
17608.000  0.695214
17610.000  0.905982
17612.000  0.946245
17614.000  0.968326
17616.000  0.910806
17618.000  0.868621
17620.000  0.940658
17622.000  0.932578
17624.000  0.868627
17626.000  0.968231
17628.000  0.974287
17630.000  0.984521
17632.000  0.969761
17634.000  0.971385
17636.000  0.964245
17638.000  0.925609
17640.000  0.923711
17642.000  0.961426
17644.000  0.982029
17646.000  0.973052
17648.000  0.965111
17650.000  0.975647
17652.000  0.97976
17654.000  0.963021
17656.000  0.908112
17658.000  0.967029
17660.000  0.982669
17662.000  0.934021
17664.000  0.919849
17666.000  0.962756
17668.000  0.965769
17670.000  0.965588
17672.000  0.953356
17674.000  0.974129
17676.000  0.972379
17678.000  0.962082
17680.000  0.947231
17682.000  0.940484
17684.000  0.956352
17686.000  0.950175
17688.000  0.986458
17690.000  0.990843
17692.000  0.983365
17694.000  0.961717
17696.000  0.916405
17698.000  0.956816
17700.000  0.948016
17702.000  0.970472
17704.000  0.971433
17706.000  0.970327
17708.000  0.914266
17710.000  0.936647
17712.000  0.961149
17714.000  0.956332
17716.000  0.987614
17718.000  0.969141
17720.000  0.973296
17722.000  0.972678
17724.000  0.981045
17726.000  0.98738
17728.000  0.982904
17730.000  0.971151
17732.000  0.96358
17734.000  0.970337
17736.000  0.971735
17738.000  0.989169
17740.000  0.991091
17742.000  0.951847
17744.000  0.66988
17746.000  0.715215
17748.000  0.957499
17750.000  0.95133
17752.000  0.953974
17754.000  0.933874
17756.000  0.978252
17758.000  0.959221
17760.000  0.946348
17762.000  0.911788
17764.000  0.961988
17766.000  0.968161
17768.000  0.962837
17770.000  0.908178
17772.000  0.901868
17774.000  0.983288
17776.000  0.985431
17778.000  0.957881
17780.000  0.946964
17782.000  0.947981
17784.000  0.960575
17786.000  0.939322
17788.000  0.937331
17790.000  0.947671
17792.000  0.976851
17794.000  0.968922
17796.000  0.98289
17798.000  0.982796
17800.000  0.973305
17802.000  0.979471
17804.000  0.988107
17806.000  0.972018
17808.000  0.96701
17810.000  0.972293
17812.000  0.945275
17814.000  0.901858
17816.000  0.942285
17818.000  0.921157
17820.000  0.951366
17822.000  0.890617
17824.000  0.897306
17826.000  0.869739
17828.000  0.948134
17830.000  0.934724
17832.000  0.954911
17834.000  0.974668
17836.000  0.967195
17838.000  0.968698
17840.000  0.985793
17842.000  0.983703
17844.000  0.953616
17846.000  0.875535
17848.000  0.935253
17850.000  0.950374
17852.000  0.979292
17854.000  0.965962
17856.000  0.97104
17858.000  0.967994
17860.000  0.990779
17862.000  0.987256
17864.000  0.978141
17866.000  0.966833
17868.000  0.97787
17870.000  0.980952
17872.000  0.983413
17874.000  0.973973
17876.000  0.966229
17878.000  0.966301
17880.000  0.982215
17882.000  0.98621
17884.000  0.982134
17886.000  0.980489
17888.000  0.985521
17890.000  0.975108
17892.000  0.965057
17894.000  0.977553
17896.000  0.982554
17898.000  0.985042
17900.000  0.981941
17902.000  0.956314
17904.000  0.926985
17906.000  0.969056
17908.000  0.986628
17910.000  0.981054
17912.000  0.968591
17914.000  0.966554
17916.000  0.959688
17918.000  0.976397
17920.000  0.993831
17922.000  0.995295
17924.000  0.989704
17926.000  0.975797
17928.000  0.961465
17930.000  0.914024
17932.000  0.972881
17934.000  0.972092
17936.000  0.954969
17938.000  0.918123
17940.000  0.976375
17942.000  0.985073
17944.000  0.991963
17946.000  0.972881
17948.000  0.979375
17950.000  0.97104
17952.000  0.984194
17954.000  0.982538
17956.000  0.985236
17958.000  0.985983
17960.000  0.988984
17962.000  0.985804
17964.000  0.982349
17966.000  0.982913
17968.000  0.967596
17970.000  0.962023
17972.000  0.980298
17974.000  0.980266
17976.000  0.975227
17978.000  0.969719
17980.000  0.98139
17982.000  0.994192
17984.000  0.988724
17986.000  0.898125
17988.000  0.802399
17990.000  0.95769
17992.000  0.992256
17994.000  0.986349
17996.000  0.979684
17998.000  0.988354
18000.000  0.979381
18002.000  0.942966
18004.000  0.944788
18006.000  0.909845
18008.000  0.942163
18010.000  0.98044
18012.000  0.974213
18014.000  0.978875
18016.000  0.963228
18018.000  0.965699
18020.000  0.978899
18022.000  0.950304
18024.000  0.941004
18026.000  0.945324
18028.000  0.892453
18030.000  0.943941
18032.000  0.952972
18034.000  0.903848
18036.000  0.936413
18038.000  0.839853
18040.000  0.945721
18042.000  0.955567
18044.000  0.936463
18046.000  0.986614
18048.000  0.948846
18050.000  0.872405
18052.000  0.979384
18054.000  0.98083
18056.000  0.967976
18058.000  0.971414
18060.000  0.965365
18062.000  0.916746
18064.000  0.952151
18066.000  0.979812
18068.000  0.990472
18070.000  0.991855
18072.000  0.983614
18074.000  0.970555
18076.000  0.942962
18078.000  0.977697
18080.000  0.988341
18082.000  0.976243
18084.000  0.937278
18086.000  0.973464
18088.000  0.992582
18090.000  0.979257
18092.000  0.976354
18094.000  0.972471
18096.000  0.974666
18098.000  0.971691
18100.000  0.978343
18102.000  0.989935
18104.000  0.985647
18106.000  0.983168
18108.000  0.922368
18110.000  0.959326
18112.000  0.961622
18114.000  0.914062
18116.000  0.902948
18118.000  0.948245
18120.000  0.973883
18122.000  0.984735
18124.000  0.976732
18126.000  0.985109
18128.000  0.981312
18130.000  0.985454
18132.000  0.982465
18134.000  0.982216
18136.000  0.988338
18138.000  0.986421
18140.000  0.970793
18142.000  0.941697
18144.000  0.984987
18146.000  0.987302
18148.000  0.971119
18150.000  0.959304
18152.000  0.982439
18154.000  0.97884
18156.000  0.980684
18158.000  0.968715
18160.000  0.976279
18162.000  0.976187
18164.000  0.970119
18166.000  0.959783
18168.000  0.95815
18170.000  0.945016
18172.000  0.920586
18174.000  0.877898
18176.000  0.908885
18178.000  0.931573
18180.000  0.939264
18182.000  0.896819
18184.000  0.962678
18186.000  0.967073
18188.000  0.978058
18190.000  0.986736
18192.000  0.990394
18194.000  0.964436
18196.000  0.929839
18198.000  0.947475
18200.000  0.951032
18202.000  0.990319
18204.000  0.985318
18206.000  0.963299
18208.000  0.986006
18210.000  0.993113
18212.000  0.9558
18214.000  0.951251
18216.000  0.96475
18218.000  0.946428
18220.000  0.961604
18222.000  0.941405
18224.000  0.889997
18226.000  0.953942
18228.000  0.975392
18230.000  0.969196
18232.000  0.979188
18234.000  0.980347
18236.000  0.966022
18238.000  0.951845
18240.000  0.981574
18242.000  0.98529
18244.000  0.985035
18246.000  0.986964
18248.000  0.943812
18250.000  0.944741
18252.000  0.974825
18254.000  0.973209
18256.000  0.982345
18258.000  0.983104
18260.000  0.984595
18262.000  0.980789
18264.000  0.93903
18266.000  0.948973
18268.000  0.9715
18270.000  0.935833
18272.000  0.958725
18274.000  0.979733
18276.000  0.983469
18278.000  0.975493
18280.000  0.970516
18282.000  0.947762
18284.000  0.872745
18286.000  0.931234
18288.000  0.972127
18290.000  0.968836
18292.000  0.941186
18294.000  0.905648
18296.000  0.944777
18298.000  0.968035
18300.000  0.937946
18302.000  0.934874
18304.000  0.962894
18306.000  0.919394
18308.000  0.674908
18310.000  0.866056
18312.000  0.983908
18314.000  0.989828
18316.000  0.977802
18318.000  0.967329
18320.000  0.946318
18322.000  0.969086
18324.000  0.972168
18326.000  0.970858
18328.000  0.984319
18330.000  0.982436
18332.000  0.992797
18334.000  0.98712
18336.000  0.977901
18338.000  0.984107
18340.000  0.956045
18342.000  0.923833
18344.000  0.97735
18346.000  0.980175
18348.000  0.966745
18350.000  0.939973
18352.000  0.977375
18354.000  0.953433
18356.000  0.951455
18358.000  0.950866
18360.000  0.958346
18362.000  0.981917
18364.000  0.979107
18366.000  0.983436
18368.000  0.983612
18370.000  0.970469
18372.000  0.963066
18374.000  0.875538
18376.000  0.941356
18378.000  0.967716
18380.000  0.986283
18382.000  0.988898
18384.000  0.994827
18386.000  0.985204
18388.000  0.978361
18390.000  0.980204
18392.000  0.91349
18394.000  0.932371
18396.000  0.892498
18398.000  0.897395
18400.000  0.945626
18402.000  0.952217
18404.000  0.982906
18406.000  0.99029
18408.000  0.975986
18410.000  0.986059
18412.000  0.959242
18414.000  0.924844
18416.000  0.978484
18418.000  0.946246
18420.000  0.940494
18422.000  0.878475
18424.000  0.935228
18426.000  0.972001
18428.000  0.956763
18430.000  0.936094
18432.000  0.983761
18434.000  0.966248
18436.000  0.980918
18438.000  0.987565
18440.000  0.994639
18442.000  0.990814
18444.000  0.985073
18446.000  0.986389
18448.000  0.986126
18450.000  0.989807
18452.000  0.969389
18454.000  0.889947
18456.000  0.935457
18458.000  0.988924
18460.000  0.99003
18462.000  0.98815
18464.000  0.874227
18466.000  0.785704
18468.000  0.970706
18470.000  0.980405
18472.000  0.933377
18474.000  0.983784
18476.000  0.990412
18478.000  0.972796
18480.000  0.96773
18482.000  0.988715
18484.000  0.989418
18486.000  0.988527
18488.000  0.986651
18490.000  0.983455
18492.000  0.985219
18494.000  0.984654
18496.000  0.987673
18498.000  0.983709
18500.000  0.983103
18502.000  0.986736
18504.000  0.994902
18506.000  0.993701
18508.000  0.986627
18510.000  0.988698
18512.000  0.984812
18514.000  0.976794
18516.000  0.973999
18518.000  0.982834
18520.000  0.973903
18522.000  0.945354
18524.000  0.868358
18526.000  0.924398
18528.000  0.973349
18530.000  0.988249
18532.000  0.993392
18534.000  0.989947
18536.000  0.989725
18538.000  0.987058
18540.000  0.991781
18542.000  0.995119
18544.000  0.984554
18546.000  0.985934
18548.000  0.981802
18550.000  0.982795
18552.000  0.964524
18554.000  0.869811
18556.000  0.934814
18558.000  0.982457
18560.000  0.989024
18562.000  0.988916
18564.000  0.986495
18566.000  0.981882
18568.000  0.962079
18570.000  0.971976
18572.000  0.984339
18574.000  0.992929
18576.000  0.994449
18578.000  0.991468
18580.000  0.986324
18582.000  0.972368
18584.000  0.887918
18586.000  0.966721
18588.000  0.990332
18590.000  0.992876
18592.000  0.990956
18594.000  0.967385
18596.000  0.968728
18598.000  0.987891
18600.000  0.984285
18602.000  0.980506
18604.000  0.989088
18606.000  0.99044
18608.000  0.973847
18610.000  0.957841
18612.000  0.962824
18614.000  0.94746
18616.000  0.960114
18618.000  0.956314
18620.000  0.990084
18622.000  0.980592
18624.000  0.906474
18626.000  0.935493
18628.000  0.947611
18630.000  0.987877
18632.000  0.960782
18634.000  0.966874
18636.000  0.956836
18638.000  0.910049
18640.000  0.98718
18642.000  0.9957
18644.000  0.997009
18646.000  0.995221
18648.000  0.986119
18650.000  0.988269
18652.000  0.982544
18654.000  0.954102
18656.000  0.930289
18658.000  0.907779
18660.000  0.968603
18662.000  0.98346
18664.000  0.993883
18666.000  0.99115
18668.000  0.989258
18670.000  0.988853
18672.000  0.993239
18674.000  0.992184
18676.000  0.986189
18678.000  0.988053
18680.000  0.993118
18682.000  0.990952
18684.000  0.994981
18686.000  0.986664
18688.000  0.983686
18690.000  0.991029
18692.000  0.9911
18694.000  0.993471
18696.000  0.973555
18698.000  0.962111
18700.000  0.987825
18702.000  0.99275
18704.000  0.988491
18706.000  0.99079
18708.000  0.991047
18710.000  0.981879
18712.000  0.931598
18714.000  0.902062
18716.000  0.982917
18718.000  0.993198
18720.000  0.982778
18722.000  0.897422
18724.000  0.889014
18726.000  0.946914
18728.000  0.97017
18730.000  0.989511
18732.000  0.989208
18734.000  0.969511
18736.000  0.944561
18738.000  0.97063
18740.000  0.959173
18742.000  0.972197
18744.000  0.974291
18746.000  0.952976
18748.000  0.915854
18750.000  0.806387
18752.000  0.819893
18754.000  0.93487
18756.000  0.960262
18758.000  0.971388
18760.000  0.962391
18762.000  0.97564
18764.000  0.980121
18766.000  0.988641
18768.000  0.98865
18770.000  0.98943
18772.000  0.98269
18774.000  0.984459
18776.000  0.981085
18778.000  0.98444
18780.000  0.989276
18782.000  0.990234
18784.000  0.990167
18786.000  0.984082
18788.000  0.989807
18790.000  0.950239
18792.000  0.947504
18794.000  0.991822
18796.000  0.994263
18798.000  0.992234
18800.000  0.98065
18802.000  0.986084
18804.000  0.994311
18806.000  0.993144
18808.000  0.992768
18810.000  0.994689
18812.000  0.991258
18814.000  0.981703
18816.000  0.987861
18818.000  0.983146
18820.000  0.955512
18822.000  0.973678
18824.000  0.991941
18826.000  0.99115
18828.000  0.99065
18830.000  0.980559
18832.000  0.962968
18834.000  0.963073
18836.000  0.984995
18838.000  0.990288
18840.000  0.967781
18842.000  0.949171
18844.000  0.949918
18846.000  0.95138
18848.000  0.993375
18850.000  0.978346
18852.000  0.971266
18854.000  0.939036
18856.000  0.827026
18858.000  0.890184
18860.000  0.949213
18862.000  0.989443
18864.000  0.996233
18866.000  0.991305
18868.000  0.980067
18870.000  0.964775
18872.000  0.978219
18874.000  0.963653
18876.000  0.98455
18878.000  0.974627
18880.000  0.980523
18882.000  0.968899
18884.000  0.965061
18886.000  0.978904
18888.000  0.988268
18890.000  0.986503
18892.000  0.99084
18894.000  0.984701
18896.000  0.934554
18898.000  0.846422
18900.000  0.939662
18902.000  0.957255
18904.000  0.994504
18906.000  0.980802
18908.000  0.974729
18910.000  0.967003
18912.000  0.97738
18914.000  0.91165
18916.000  0.921711
18918.000  0.922797
18920.000  0.951925
18922.000  0.879043
18924.000  0.944033
18926.000  0.896059
18928.000  0.956451
18930.000  0.951518
18932.000  0.936825
18934.000  0.942256
18936.000  0.960181
18938.000  0.989858
18940.000  0.982252
18942.000  0.909472
18944.000  0.947932
18946.000  0.986395
18948.000  0.989011
18950.000  0.975632
18952.000  0.99021
18954.000  0.992874
18956.000  0.979891
18958.000  0.959531
18960.000  0.985571
18962.000  0.978396
18964.000  0.954953
18966.000  0.985305
18968.000  0.977228
18970.000  0.907959
18972.000  0.970941
18974.000  0.986766
18976.000  0.990829
18978.000  0.996572
18980.000  0.996948
18982.000  0.994019
18984.000  0.981472
18986.000  0.873022
18988.000  0.865036
18990.000  0.985759
18992.000  0.996813
18994.000  0.99558
18996.000  0.994133
18998.000  0.900682
19000.000  0.808424
19002.000  0.962666
19004.000  0.996479
19006.000  0.985001
19008.000  0.989797
19010.000  0.981869
19012.000  0.989656
19014.000  0.994765
19016.000  0.988252
19018.000  0.882021
19020.000  0.897197
19022.000  0.959115
19024.000  0.987715
19026.000  0.984775
19028.000  0.986535
19030.000  0.92214
19032.000  0.941569
19034.000  0.992958
19036.000  0.995423
19038.000  0.994202
19040.000  0.993588
19042.000  0.991005
19044.000  0.977355
19046.000  0.896263
19048.000  0.971491
19050.000  0.998017
19052.000  0.998335
19054.000  0.998094
19056.000  0.997351
19058.000  0.996628
19060.000  0.993672
19062.000  0.994246
19064.000  0.995112
19066.000  0.993797
19068.000  0.995116
19070.000  0.994522
19072.000  0.989367
19074.000  0.987676
19076.000  0.985984
19078.000  0.991801
19080.000  0.959179
19082.000  0.905588
19084.000  0.943403
19086.000  0.954932
19088.000  0.977932
19090.000  0.994871
19092.000  0.972768
19094.000  0.939588
19096.000  0.973387
19098.000  0.98582
19100.000  0.941037
19102.000  0.946281
19104.000  0.950673
19106.000  0.963677
19108.000  0.963394
19110.000  0.919359
19112.000  0.921883
19114.000  0.827151
19116.000  0.952671
19118.000  0.992101
19120.000  0.996348
19122.000  0.992438
19124.000  0.990968
19126.000  0.992819
19128.000  0.993734
19130.000  0.984741
19132.000  0.987091
19134.000  0.995144
19136.000  0.99045
19138.000  0.989733
19140.000  0.994423
19142.000  0.992547
19144.000  0.995535
19146.000  0.994317
19148.000  0.994392
19150.000  0.994128
19152.000  0.979096
19154.000  0.983393
19156.000  0.967465
19158.000  0.967777
19160.000  0.97564
19162.000  0.97182
19164.000  0.976494
19166.000  0.983486
19168.000  0.990105
19170.000  0.987046
19172.000  0.983676
19174.000  0.972588
19176.000  0.961202
19178.000  0.986296
19180.000  0.988929
19182.000  0.986676
19184.000  0.991218
19186.000  0.990242
19188.000  0.980685
19190.000  0.989192
19192.000  0.966808
19194.000  0.845088
19196.000  0.946468
19198.000  0.988514
19200.000  0.99177
19202.000  0.996961
19204.000  0.993305
19206.000  0.991287
19208.000  0.981605
19210.000  0.985338
19212.000  0.991847
19214.000  0.994366
19216.000  0.993585
19218.000  0.976573
19220.000  0.965121
19222.000  0.991392
19224.000  0.998046
19226.000  0.998464
19228.000  0.997867
19230.000  0.995975
19232.000  0.996585
19234.000  0.994721
19236.000  0.994086
19238.000  0.993052
19240.000  0.986011
19242.000  0.992735
19244.000  0.988498
19246.000  0.986489
19248.000  0.991302
19250.000  0.990389
19252.000  0.992821
19254.000  0.948934
19256.000  0.96775
19258.000  0.98934
19260.000  0.932886
19262.000  0.96912
19264.000  0.994859
19266.000  0.993893
19268.000  0.985068
19270.000  0.993003
19272.000  0.994528
19274.000  0.993608
19276.000  0.994
19278.000  0.973294
19280.000  0.942443
19282.000  0.942373
19284.000  0.920666
19286.000  0.99071
19288.000  0.995659
19290.000  0.980937
19292.000  0.976321
19294.000  0.965026
19296.000  0.978218
19298.000  0.965371
19300.000  0.957978
19302.000  0.95329
19304.000  0.940057
19306.000  0.958503
19308.000  0.830342
19310.000  0.738167
19312.000  0.948247
19314.000  0.970685
19316.000  0.960674
19318.000  0.974151
19320.000  0.948043
19322.000  0.982271
19324.000  0.994803
19326.000  0.990696
19328.000  0.983359
19330.000  0.991712
19332.000  0.991348
19334.000  0.950116
19336.000  0.911973
19338.000  0.983304
19340.000  0.986839
19342.000  0.958584
19344.000  0.965795
19346.000  0.984569
19348.000  0.993573
19350.000  0.99205
19352.000  0.982923
19354.000  0.971147
19356.000  0.989951
19358.000  0.995448
19360.000  0.990793
19362.000  0.991955
19364.000  0.982053
19366.000  0.98927
19368.000  0.992642
19370.000  0.987806
19372.000  0.994751
19374.000  0.995118
19376.000  0.980571
19378.000  0.987828
19380.000  0.984863
19382.000  0.967621
19384.000  0.934472
19386.000  0.883769
19388.000  0.954408
19390.000  0.964427
19392.000  0.97001
19394.000  0.963
19396.000  0.983251
19398.000  0.986258
19400.000  0.980226
19402.000  0.963365
19404.000  0.949715
19406.000  0.955274
19408.000  0.959124
19410.000  0.960741
19412.000  0.944999
19414.000  0.974541
19416.000  0.971879
19418.000  0.951575
19420.000  0.966233
19422.000  0.9714
19424.000  0.940311
19426.000  0.919526
19428.000  0.961035
19430.000  0.904945
19432.000  0.863917
19434.000  0.877489
19436.000  0.943952
19438.000  0.950101
19440.000  0.951209
19442.000  0.949988
19444.000  0.909944
19446.000  0.866955
19448.000  0.906335
19450.000  0.896222
19452.000  0.720586
19454.000  0.758804
19456.000  0.947017
19458.000  0.95783
19460.000  0.979008
19462.000  0.958975
19464.000  0.975221
19466.000  0.976139
19468.000  0.952473
19470.000  0.946134
19472.000  0.959096
19474.000  0.964866
19476.000  0.945115
19478.000  0.974383
19480.000  0.929605
19482.000  0.930647
19484.000  0.982226
19486.000  0.98917
19488.000  0.968105
19490.000  0.960082
19492.000  0.893056
19494.000  0.874795
19496.000  0.951428
19498.000  0.959795
19500.000  0.976835
19502.000  0.970937
19504.000  0.881027
19506.000  0.700982
19508.000  0.841907
19510.000  0.92457
19512.000  0.905763
19514.000  0.925435
19516.000  0.942979
19518.000  0.958957
19520.000  0.951964
19522.000  0.953482
19524.000  0.950849
19526.000  0.97069
19528.000  0.962064
19530.000  0.967437
19532.000  0.962332
19534.000  0.940072
19536.000  0.947742
19538.000  0.948362
19540.000  0.978125
19542.000  0.960869
19544.000  0.963161
19546.000  0.975605
19548.000  0.993172
19550.000  0.964038
19552.000  0.960939
19554.000  0.966784
19556.000  0.935787
19558.000  0.982468
19560.000  0.978986
19562.000  0.990892
19564.000  0.9782
19566.000  0.980105
19568.000  0.965821
19570.000  0.964952
19572.000  0.985283
19574.000  0.982757
19576.000  0.956506
19578.000  0.976697
19580.000  0.988304
19582.000  0.959405
19584.000  0.880554
19586.000  0.819086
19588.000  0.959637
19590.000  0.986965
19592.000  0.927964
19594.000  0.949477
19596.000  0.963055
19598.000  0.961692
19600.000  0.951666
19602.000  0.988078
19604.000  0.970863
19606.000  0.968231
19608.000  0.990335
19610.000  0.949688
19612.000  0.924676
19614.000  0.911334
19616.000  0.962955
19618.000  0.966922
19620.000  0.989633
19622.000  0.961944
19624.000  0.901747
19626.000  0.876151
19628.000  0.93757
19630.000  0.963416
19632.000  0.967828
19634.000  0.91337
19636.000  0.902668
19638.000  0.957413
19640.000  0.957169
19642.000  0.96537
19644.000  0.952452
19646.000  0.967707
19648.000  0.950675
19650.000  0.968894
19652.000  0.960031
19654.000  0.98204
19656.000  0.986074
19658.000  0.972228
19660.000  0.967139
19662.000  0.974573
19664.000  0.971081
19666.000  0.961484
19668.000  0.974089
19670.000  0.961171
19672.000  0.933817
19674.000  0.944016
19676.000  0.971326
19678.000  0.985216
19680.000  0.953014
19682.000  0.971186
19684.000  0.936341
19686.000  0.920217
19688.000  0.980545
19690.000  0.961097
19692.000  0.983245
19694.000  0.959152
19696.000  0.964858
19698.000  0.979818
19700.000  0.936197
19702.000  0.936775
19704.000  0.980846
19706.000  0.987238
19708.000  0.969715
19710.000  0.777283
19712.000  0.646473
19714.000  0.876129
19716.000  0.938649
19718.000  0.932983
19720.000  0.946735
19722.000  0.819297
19724.000  0.858621
19726.000  0.968444
19728.000  0.909435
19730.000  0.933727
19732.000  0.939079
19734.000  0.880823
19736.000  0.943742
19738.000  0.92612
19740.000  0.92676
19742.000  0.945634
19744.000  0.966777
19746.000  0.960771
19748.000  0.943623
19750.000  0.957806
19752.000  0.931912
19754.000  0.962091
19756.000  0.944617
19758.000  0.951414
19760.000  0.972961
19762.000  0.95553
19764.000  0.967055
19766.000  0.957608
19768.000  0.954732
19770.000  0.914089
19772.000  0.909796
19774.000  0.921523
19776.000  0.666539
19778.000  0.69369
19780.000  0.929815
19782.000  0.979336
19784.000  0.992165
19786.000  0.964394
19788.000  0.94953
19790.000  0.954712
19792.000  0.819622
19794.000  0.940237
19796.000  0.973253
19798.000  0.966328
19800.000  0.968109
19802.000  0.958968
19804.000  0.941608
19806.000  0.956978
19808.000  0.980099
19810.000  0.99497
19812.000  0.991617
19814.000  0.939925
19816.000  0.918184
19818.000  0.939404
19820.000  0.944069
19822.000  0.95819
19824.000  0.956377
19826.000  0.973012
19828.000  0.976444
19830.000  0.990083
19832.000  0.96462
19834.000  0.972117
19836.000  0.993076
19838.000  0.969393
19840.000  0.948049
19842.000  0.977165
19844.000  0.986483
19846.000  0.952133
19848.000  0.944845
19850.000  0.910251
19852.000  0.837296
19854.000  0.854392
19856.000  0.985399
19858.000  0.989417
19860.000  0.928914
19862.000  0.728094
19864.000  0.87377
19866.000  0.957375
19868.000  0.962555
19870.000  0.974802
19872.000  0.972709
19874.000  0.976947
19876.000  0.970226
19878.000  0.983259
19880.000  0.961512
19882.000  0.925604
19884.000  0.944523
19886.000  0.957157
19888.000  0.978471
19890.000  0.966256
19892.000  0.962809
19894.000  0.972779
19896.000  0.966926
19898.000  0.970164
19900.000  0.983384
19902.000  0.966199
19904.000  0.973792
19906.000  0.980861
19908.000  0.986297
19910.000  0.975767
19912.000  0.948406
19914.000  0.943194
19916.000  0.89351
19918.000  0.829776
19920.000  0.94225
19922.000  0.943233
19924.000  0.931289
19926.000  0.93375
19928.000  0.904202
19930.000  0.93743
19932.000  0.931622
19934.000  0.82049
19936.000  0.966041
19938.000  0.995818
19940.000  0.975744
19942.000  0.973266
19944.000  0.96204
19946.000  0.925272
19948.000  0.941624
19950.000  0.924987
19952.000  0.967625
19954.000  0.956535
19956.000  0.936595
19958.000  0.973153
19960.000  0.945217
19962.000  0.856062
19964.000  0.972817
19966.000  0.996799
19968.000  0.980898
19970.000  0.919703
19972.000  0.899581
19974.000  0.885952
19976.000  0.907606
19978.000  0.877698
19980.000  0.936684
19982.000  0.950871
19984.000  0.993918
19986.000  0.988911
19988.000  0.96704
19990.000  0.97246
19992.000  0.937084
19994.000  0.958816
19996.000  0.965127
19998.000  0.933371
20000.000  0.933736
20002.000  0.96339
20004.000  0.962488
20006.000  0.962999
20008.000  0.93176
20010.000  0.947193
20012.000  0.939189
20014.000  0.966344
20016.000  0.972592
20018.000  0.989157
20020.000  0.971541
20022.000  0.955475
20024.000  0.891225
20026.000  0.902571
20028.000  0.942097
20030.000  0.941236
20032.000  0.935574
20034.000  0.941438
20036.000  0.944885
20038.000  0.96656
20040.000  0.975836
20042.000  0.979916
20044.000  0.988152
20046.000  0.987689
20048.000  0.97156
20050.000  0.921252
20052.000  0.909715
20054.000  0.906736
20056.000  0.939862
20058.000  0.968393
20060.000  0.979289
20062.000  0.98295
20064.000  0.985397
20066.000  0.979854
20068.000  0.979401
20070.000  0.925284
20072.000  0.943569
20074.000  0.961242
20076.000  0.967105
20078.000  0.955198
20080.000  0.955249
20082.000  0.97234
20084.000  0.962517
20086.000  0.95451
20088.000  0.940185
20090.000  0.958979
20092.000  0.960174
20094.000  0.951459
20096.000  0.974741
20098.000  0.977669
20100.000  0.990983
20102.000  0.977184
20104.000  0.970394
20106.000  0.977758
20108.000  0.977192
20110.000  0.938507
20112.000  0.942101
20114.000  0.973132
20116.000  0.991461
20118.000  0.974574
20120.000  0.952712
20122.000  0.981622
20124.000  0.953189
20126.000  0.950183
20128.000  0.977713
20130.000  0.930242
20132.000  0.958267
20134.000  0.974049
20136.000  0.947236
20138.000  0.982226
20140.000  0.994472
20142.000  0.981676
20144.000  0.983992
20146.000  0.963202
20148.000  0.976032
20150.000  0.98724
20152.000  0.947512
20154.000  0.948338
20156.000  0.969969
20158.000  0.955782
20160.000  0.985436
20162.000  0.989559
20164.000  0.94785
20166.000  0.93411
20168.000  0.92363
20170.000  0.878112
20172.000  0.94708
20174.000  0.943501
20176.000  0.976317
20178.000  0.964018
20180.000  0.93643
20182.000  0.969479
20184.000  0.933824
20186.000  0.931329
20188.000  0.94031
20190.000  0.957992
20192.000  0.976053
20194.000  0.962918
20196.000  0.949974
20198.000  0.924177
20200.000  0.946473
20202.000  0.961047
20204.000  0.941136
20206.000  0.902336
20208.000  0.890881
20210.000  0.859364
20212.000  0.918648
20214.000  0.947298
20216.000  0.943484
20218.000  0.940418
20220.000  0.968106
20222.000  0.969002
20224.000  0.958715
20226.000  0.962396
20228.000  0.969245
20230.000  0.965684
20232.000  0.973886
20234.000  0.977826
20236.000  0.972606
20238.000  0.901763
20240.000  0.701977
20242.000  0.69346
20244.000  0.926331
20246.000  0.966188
20248.000  0.952334
20250.000  0.928782
20252.000  0.954094
20254.000  0.958874
20256.000  0.928987
20258.000  0.965145
20260.000  0.990335
20262.000  0.975647
20264.000  0.92454
20266.000  0.951861
20268.000  0.982945
20270.000  0.974217
20272.000  0.961577
20274.000  0.979024
20276.000  0.975296
20278.000  0.971631
20280.000  0.9197
20282.000  0.884744
20284.000  0.922998
20286.000  0.935623
20288.000  0.933351
20290.000  0.944508
20292.000  0.955777
20294.000  0.920236
20296.000  0.862925
20298.000  0.908278
20300.000  0.921474
20302.000  0.874148
20304.000  0.9546
20306.000  0.972502
20308.000  0.971686
20310.000  0.975377
20312.000  0.95594
20314.000  0.938623
20316.000  0.949179
20318.000  0.933473
20320.000  0.937233
20322.000  0.970905
20324.000  0.967207
20326.000  0.956124
20328.000  0.963836
20330.000  0.972391
20332.000  0.957668
20334.000  0.937332
20336.000  0.954569
20338.000  0.933939
20340.000  0.953734
20342.000  0.935754
20344.000  0.842558
20346.000  0.909784
20348.000  0.947889
20350.000  0.890343
20352.000  0.928114
20354.000  0.952155
20356.000  0.994474
20358.000  0.982861
20360.000  0.985319
20362.000  0.980004
20364.000  0.944907
20366.000  0.939906
20368.000  0.934363
20370.000  0.950111
20372.000  0.946465
20374.000  0.932049
20376.000  0.925416
20378.000  0.89648
20380.000  0.936349
20382.000  0.90584
20384.000  0.931004
20386.000  0.932979
20388.000  0.980074
20390.000  0.961885
20392.000  0.95202
20394.000  0.952261
20396.000  0.940438
20398.000  0.976114
20400.000  0.972481
20402.000  0.962684
20404.000  0.957737
20406.000  0.937038
20408.000  0.96546
20410.000  0.961168
20412.000  0.934251
20414.000  0.944841
20416.000  0.968791
20418.000  0.944778
20420.000  0.934518
20422.000  0.969042
20424.000  0.942383
20426.000  0.96149
20428.000  0.96296
20430.000  0.962994
20432.000  0.963856
20434.000  0.961107
20436.000  0.955402
20438.000  0.947398
20440.000  0.93092
20442.000  0.91395
20444.000  0.945839
20446.000  0.940654
20448.000  0.963933
20450.000  0.968684
20452.000  0.940769
20454.000  0.950496
20456.000  0.964529
20458.000  0.947832
20460.000  0.981285
20462.000  0.963155
20464.000  0.972226
20466.000  0.969587
20468.000  0.912938
20470.000  0.915242
20472.000  0.939662
20474.000  0.9617
20476.000  0.969483
20478.000  0.970179
20480.000  0.948852
20482.000  0.941244
20484.000  0.95558
20486.000  0.982508
20488.000  0.956988
20490.000  0.907574
20492.000  0.946804
20494.000  0.976163
20496.000  0.964185
20498.000  0.96186
20500.000  0.973143
20502.000  0.936095
20504.000  0.93403
20506.000  0.938818
20508.000  0.965284
20510.000  0.963506
20512.000  0.966341
20514.000  0.982622
20516.000  0.962782
20518.000  0.979588
20520.000  0.942347
20522.000  0.88279
20524.000  0.940741
20526.000  0.950013
20528.000  0.940309
20530.000  0.943097
20532.000  0.9603
20534.000  0.940617
20536.000  0.967253
20538.000  0.926233
20540.000  0.934387
20542.000  0.927719
20544.000  0.952545
20546.000  0.965951
20548.000  0.935075
20550.000  0.964879
20552.000  0.97577
20554.000  0.928929
20556.000  0.94121
20558.000  0.953872
20560.000  0.944769
20562.000  0.941984
20564.000  0.928583
20566.000  0.957393
20568.000  0.970285
20570.000  0.969698
20572.000  0.962746
20574.000  0.971076
20576.000  0.948319
20578.000  0.945904
20580.000  0.946087
20582.000  0.899066
20584.000  0.876979
20586.000  0.924545
20588.000  0.948451
20590.000  0.973967
20592.000  0.984873
20594.000  0.941749
20596.000  0.916255
20598.000  0.928427
20600.000  0.939032
20602.000  0.914581
20604.000  0.93489
20606.000  0.944915
20608.000  0.924974
20610.000  0.962775
20612.000  0.967282
20614.000  0.96645
20616.000  0.966392
20618.000  0.970081
20620.000  0.964819
20622.000  0.993525
20624.000  0.997308
20626.000  0.923312
20628.000  0.762666
20630.000  0.84081
20632.000  0.76156
20634.000  0.906081
20636.000  0.936599
20638.000  0.927077
20640.000  0.92449
20642.000  0.930092
20644.000  0.948659
20646.000  0.964449
20648.000  0.961898
20650.000  0.943298
20652.000  0.956082
20654.000  0.98419
20656.000  0.968529
20658.000  0.954315
20660.000  0.981314
20662.000  0.991448
20664.000  0.984172
20666.000  0.953904
20668.000  0.924088
20670.000  0.940427
20672.000  0.983304
20674.000  0.981729
20676.000  0.951685
20678.000  0.982266
20680.000  0.980052
20682.000  0.963907
20684.000  0.949278
20686.000  0.965824
20688.000  0.975269
20690.000  0.970537
20692.000  0.929098
20694.000  0.915478
20696.000  0.925945
20698.000  0.848113
20700.000  0.892638
20702.000  0.910292
20704.000  0.93838
20706.000  0.959479
20708.000  0.958122
20710.000  0.961983
20712.000  0.927355
20714.000  0.93949
20716.000  0.934887
20718.000  0.939114
20720.000  0.985514
20722.000  0.962861
20724.000  0.960351
20726.000  0.97998
20728.000  0.993696
20730.000  0.983912
20732.000  0.958683
20734.000  0.936932
20736.000  0.942128
20738.000  0.944645
20740.000  0.95237
20742.000  0.932443
20744.000  0.945102
20746.000  0.972194
20748.000  0.971382
20750.000  0.952733
20752.000  0.953499
20754.000  0.956468
20756.000  0.96993
20758.000  0.981812
20760.000  0.967917
20762.000  0.927544
20764.000  0.969328
20766.000  0.976347
20768.000  0.946709
20770.000  0.977202
20772.000  0.9597
20774.000  0.932931
20776.000  0.96768
20778.000  0.95639
20780.000  0.957361
20782.000  0.968816
20784.000  0.988334
20786.000  0.963257
20788.000  0.894214
20790.000  0.960736
20792.000  0.956451
20794.000  0.96468
20796.000  0.963049
20798.000  0.921539
20800.000  0.883952
20802.000  0.952685
20804.000  0.936414
20806.000  0.94073
20808.000  0.941176
20810.000  0.942598
20812.000  0.948726
20814.000  0.939064
20816.000  0.945414
20818.000  0.943815
20820.000  0.909249
20822.000  0.955688
20824.000  0.961956
20826.000  0.955311
20828.000  0.933444
20830.000  0.954863
20832.000  0.903774
20834.000  0.897425
20836.000  0.977515
20838.000  0.990262
20840.000  0.927487
20842.000  0.925583
20844.000  0.95173
20846.000  0.958955
20848.000  0.956535
20850.000  0.953944
20852.000  0.961465
20854.000  0.969236
20856.000  0.982132
20858.000  0.994214
20860.000  0.962765
20862.000  0.957698
20864.000  0.96506
20866.000  0.954414
20868.000  0.960746
20870.000  0.97772
20872.000  0.974889
20874.000  0.953956
20876.000  0.931566
20878.000  0.930348
20880.000  0.940704
20882.000  0.947721
20884.000  0.962952
20886.000  0.895926
20888.000  0.912343
20890.000  0.94589
20892.000  0.963845
20894.000  0.989899
20896.000  0.985063
20898.000  0.974208
20900.000  0.967967
20902.000  0.935681
20904.000  0.921455
20906.000  0.917053
20908.000  0.926253
20910.000  0.961959
20912.000  0.965812
20914.000  0.972014
20916.000  0.913797
20918.000  0.89513
20920.000  0.97508
20922.000  0.960774
20924.000  0.967287
20926.000  0.929344
20928.000  0.920163
20930.000  0.933838
20932.000  0.982994
20934.000  0.982604
20936.000  0.974625
20938.000  0.927145
20940.000  0.965393
20942.000  0.985201
20944.000  0.962279
20946.000  0.974952
20948.000  0.93593
20950.000  0.940725
20952.000  0.931238
20954.000  0.927301
20956.000  0.923469
20958.000  0.945839
20960.000  0.969055
20962.000  0.88897
20964.000  0.922036
20966.000  0.983888
20968.000  0.988359
20970.000  0.934156
20972.000  0.8539
20974.000  0.909599
20976.000  0.985673
20978.000  0.993447
20980.000  0.993757
20982.000  0.976823
20984.000  0.95713
20986.000  0.966416
20988.000  0.966465
20990.000  0.935526
20992.000  0.936889
20994.000  0.957834
20996.000  0.951426
20998.000  0.977152
21000.000  0.986176
21002.000  0.994575
21004.000  0.976765
21006.000  0.923938
21008.000  0.941718
21010.000  0.935903
21012.000  0.929709
21014.000  0.938541
21016.000  0.950536
21018.000  0.972828
21020.000  0.960621
21022.000  0.948507
21024.000  0.944145
21026.000  0.977944
21028.000  0.974151
21030.000  0.971963
21032.000  0.954682
21034.000  0.96394
21036.000  0.977495
21038.000  0.987709
21040.000  0.971874
21042.000  0.942028
21044.000  0.946864
21046.000  0.952705
21048.000  0.979168
21050.000  0.958201
21052.000  0.959285
21054.000  0.974512
21056.000  0.959437
21058.000  0.963468
21060.000  0.962409
21062.000  0.951735
21064.000  0.924592
21066.000  0.871786
21068.000  0.949178
21070.000  0.943594
21072.000  0.92783
21074.000  0.948237
21076.000  0.957041
21078.000  0.955845
21080.000  0.951975
21082.000  0.947536
21084.000  0.946026
21086.000  0.953816
21088.000  0.958995
21090.000  0.949424
21092.000  0.865822
21094.000  0.865249
21096.000  0.946799
21098.000  0.969359
21100.000  0.972888
21102.000  0.973934
21104.000  0.954022
21106.000  0.951711
21108.000  0.945409
21110.000  0.947476
21112.000  0.937528
21114.000  0.932839
21116.000  0.983726
21118.000  0.96306
21120.000  0.941136
21122.000  0.963483
21124.000  0.927439
21126.000  0.957063
21128.000  0.959215
21130.000  0.963643
21132.000  0.974038
21134.000  0.971997
21136.000  0.972922
21138.000  0.968872
21140.000  0.921669
21142.000  0.953456
21144.000  0.963944
21146.000  0.952509
21148.000  0.948139
21150.000  0.962763
21152.000  0.962947
21154.000  0.941201
21156.000  0.932781
21158.000  0.964991
21160.000  0.933865
21162.000  0.894172
21164.000  0.800674
21166.000  0.93456
21168.000  0.953175
21170.000  0.979545
21172.000  0.973856
21174.000  0.961602
21176.000  0.971127
21178.000  0.901654
21180.000  0.942848
21182.000  0.979365
21184.000  0.981937
21186.000  0.968725
21188.000  0.973884
21190.000  0.959214
21192.000  0.932209
21194.000  0.924882
21196.000  0.909643
21198.000  0.961109
21200.000  0.959246
21202.000  0.940386
21204.000  0.940086
21206.000  0.942944
21208.000  0.952584
21210.000  0.949545
21212.000  0.93907
21214.000  0.961958
21216.000  0.969985
21218.000  0.96797
21220.000  0.972024
21222.000  0.971113
21224.000  0.961883
21226.000  0.917967
21228.000  0.968735
21230.000  0.988442
21232.000  0.931395
21234.000  0.894353
21236.000  0.972126
21238.000  0.918769
21240.000  0.952343
21242.000  0.978261
21244.000  0.927136
21246.000  0.917224
21248.000  0.946147
21250.000  0.96369
21252.000  0.983075
21254.000  0.968674
21256.000  0.974025
21258.000  0.961495
21260.000  0.885392
21262.000  0.928572
21264.000  0.977009
21266.000  0.947606
21268.000  0.952376
21270.000  0.982894
21272.000  0.985935
21274.000  0.962544
21276.000  0.945415
21278.000  0.958559
21280.000  0.959926
21282.000  0.958024
21284.000  0.919405
21286.000  0.948806
21288.000  0.957413
21290.000  0.93769
21292.000  0.962876
21294.000  0.98193
21296.000  0.946427
21298.000  0.943737
21300.000  0.965893
21302.000  0.989854
21304.000  0.985027
21306.000  0.972823
21308.000  0.935134
21310.000  0.917197
21312.000  0.974185
21314.000  0.975997
21316.000  0.971147
21318.000  0.951042
21320.000  0.954668
21322.000  0.967526
21324.000  0.959371
21326.000  0.969121
21328.000  0.971542
21330.000  0.985361
21332.000  0.945684
21334.000  0.959868
21336.000  0.963289
21338.000  0.932914
21340.000  0.939712
21342.000  0.964424
21344.000  0.953385
21346.000  0.956917
21348.000  0.970885
21350.000  0.934752
21352.000  0.928044
21354.000  0.850698
21356.000  0.909047
21358.000  0.978595
21360.000  0.985254
21362.000  0.956426
21364.000  0.953088
21366.000  0.9759
21368.000  0.97173
21370.000  0.978239
21372.000  0.960975
21374.000  0.96093
21376.000  0.972162
21378.000  0.972749
21380.000  0.963181
21382.000  0.971272
21384.000  0.968483
21386.000  0.956594
21388.000  0.966115
21390.000  0.959083
21392.000  0.966904
21394.000  0.970841
21396.000  0.949587
21398.000  0.935
21400.000  0.964256
21402.000  0.981713
21404.000  0.959952
21406.000  0.949228
21408.000  0.973854
21410.000  0.98815
21412.000  0.95836
21414.000  0.949961
21416.000  0.953473
21418.000  0.956693
21420.000  0.961995
21422.000  0.98198
21424.000  0.974697
21426.000  0.962188
21428.000  0.964029
21430.000  0.981452
21432.000  0.97859
21434.000  0.96514
21436.000  0.952076
21438.000  0.953981
21440.000  0.962991
21442.000  0.976293
21444.000  0.976256
21446.000  0.982388
21448.000  0.963749
21450.000  0.946208
21452.000  0.897878
21454.000  0.916526
21456.000  0.940344
21458.000  0.938451
21460.000  0.934658
21462.000  0.961595
21464.000  0.946117
21466.000  0.965892
21468.000  0.972766
21470.000  0.965764
21472.000  0.953047
21474.000  0.966966
21476.000  0.971681
21478.000  0.96762
21480.000  0.972048
21482.000  0.971136
21484.000  0.918956
21486.000  0.894769
21488.000  0.92568
21490.000  0.963259
21492.000  0.97601
21494.000  0.981148
21496.000  0.985741
21498.000  0.975823
21500.000  0.979184
21502.000  0.977216
21504.000  0.98009
21506.000  0.973322
21508.000  0.967969
21510.000  0.965478
21512.000  0.974694
21514.000  0.95873
21516.000  0.942107
21518.000  0.963907
21520.000  0.958267
21522.000  0.933981
21524.000  0.944951
21526.000  0.954885
21528.000  0.958486
21530.000  0.976627
21532.000  0.971736
21534.000  0.951318
21536.000  0.950497
21538.000  0.950503
21540.000  0.939662
21542.000  0.941411
21544.000  0.94212
21546.000  0.984204
21548.000  0.974452
21550.000  0.972763
21552.000  0.979978
21554.000  0.989016
21556.000  0.966408
21558.000  0.960179
21560.000  0.973999
21562.000  0.960081
21564.000  0.892164
21566.000  0.94845
21568.000  0.989847
21570.000  0.983527
21572.000  0.967066
21574.000  0.935695
21576.000  0.951541
21578.000  0.961408
21580.000  0.967928
21582.000  0.957057
21584.000  0.958131
21586.000  0.934885
21588.000  0.965012
21590.000  0.970894
21592.000  0.955869
21594.000  0.926603
21596.000  0.939536
21598.000  0.955134
21600.000  0.976345
21602.000  0.96838
21604.000  0.968227
21606.000  0.966253
21608.000  0.975332
21610.000  0.986669
21612.000  0.970086
21614.000  0.95247
21616.000  0.973848
21618.000  0.982531
21620.000  0.978372
21622.000  0.961073
21624.000  0.98607
21626.000  0.986602
21628.000  0.953237
21630.000  0.952891
21632.000  0.97063
21634.000  0.934971
21636.000  0.945847
21638.000  0.942904
21640.000  0.926448
21642.000  0.96148
21644.000  0.952477
21646.000  0.946168
21648.000  0.933885
21650.000  0.941612
21652.000  0.935151
21654.000  0.898866
21656.000  0.896849
21658.000  0.918175
21660.000  0.931952
21662.000  0.955996
21664.000  0.972199
21666.000  0.958649
21668.000  0.930947
21670.000  0.924689
21672.000  0.941023
21674.000  0.934643
21676.000  0.957349
21678.000  0.966845
21680.000  0.976498
21682.000  0.980902
21684.000  0.985615
21686.000  0.977424
21688.000  0.98448
21690.000  0.978671
21692.000  0.971232
21694.000  0.970422
21696.000  0.969997
21698.000  0.958865
21700.000  0.971336
21702.000  0.958693
21704.000  0.937333
21706.000  0.923938
21708.000  0.920259
21710.000  0.974353
21712.000  0.985657
21714.000  0.937442
21716.000  0.953534
21718.000  0.969681
21720.000  0.98463
21722.000  0.974567
21724.000  0.955219
21726.000  0.95492
21728.000  0.944326
21730.000  0.743949
21732.000  0.877275
21734.000  0.961907
21736.000  0.951008
21738.000  0.976031
21740.000  0.972788
21742.000  0.969868
21744.000  0.977786
21746.000  0.977574
21748.000  0.97337
21750.000  0.959494
21752.000  0.979422
21754.000  0.963632
21756.000  0.943632
21758.000  0.939459
21760.000  0.900192
21762.000  0.929873
21764.000  0.977428
21766.000  0.9489
21768.000  0.928042
21770.000  0.951739
21772.000  0.963177
21774.000  0.965249
21776.000  0.974275
21778.000  0.951102
21780.000  0.861953
21782.000  0.812328
21784.000  0.885325
21786.000  0.970476
21788.000  0.955183
21790.000  0.967374
21792.000  0.977379
21794.000  0.935982
21796.000  0.965742
21798.000  0.989223
21800.000  0.986539
21802.000  0.973222
21804.000  0.966499
21806.000  0.957425
21808.000  0.969426
21810.000  0.931195
21812.000  0.80377
21814.000  0.922325
21816.000  0.90858
21818.000  0.905029
21820.000  0.884758
21822.000  0.960729
21824.000  0.968705
21826.000  0.956048
21828.000  0.976069
21830.000  0.987837
21832.000  0.977277
21834.000  0.957497
21836.000  0.960164
21838.000  0.958083
21840.000  0.94568
21842.000  0.928351
21844.000  0.955028
21846.000  0.975936
21848.000  0.961915
21850.000  0.975556
21852.000  0.959253
21854.000  0.954617
21856.000  0.966222
21858.000  0.974654
21860.000  0.985325
21862.000  0.957549
21864.000  0.951442
21866.000  0.964694
21868.000  0.983967
21870.000  0.972578
21872.000  0.962612
21874.000  0.944124
21876.000  0.959282
21878.000  0.898576
21880.000  0.882025
21882.000  0.974414
21884.000  0.97331
21886.000  0.983833
21888.000  0.988859
21890.000  0.968465
21892.000  0.96969
21894.000  0.92565
21896.000  0.852633
21898.000  0.858976
21900.000  0.968236
21902.000  0.969815
21904.000  0.960199
21906.000  0.949892
21908.000  0.964178
21910.000  0.965908
21912.000  0.989241
21914.000  0.982515
21916.000  0.974888
21918.000  0.969249
21920.000  0.976352
21922.000  0.98024
21924.000  0.962316
21926.000  0.958726
21928.000  0.973444
21930.000  0.983586
21932.000  0.968596
21934.000  0.953032
21936.000  0.956593
21938.000  0.972242
21940.000  0.955186
21942.000  0.948434
21944.000  0.975276
21946.000  0.962624
21948.000  0.963706
21950.000  0.969193
21952.000  0.980922
21954.000  0.954478
21956.000  0.968041
21958.000  0.990789
21960.000  0.981259
21962.000  0.972111
21964.000  0.971638
21966.000  0.973853
21968.000  0.973465
21970.000  0.95274
21972.000  0.955296
21974.000  0.961601
21976.000  0.966021
21978.000  0.97169
21980.000  0.963124
21982.000  0.952892
21984.000  0.98017
21986.000  0.976217
21988.000  0.967639
21990.000  0.978053
21992.000  0.979339
21994.000  0.980871
21996.000  0.96373
21998.000  0.977599
22000.000  0.977287
22002.000  0.952361
22004.000  0.852593
22006.000  0.928606
22008.000  0.969657
22010.000  0.969448
22012.000  0.953339
22014.000  0.953342
22016.000  0.970672
22018.000  0.975603
22020.000  0.964573
22022.000  0.965175
22024.000  0.946267
22026.000  0.967084
22028.000  0.969358
22030.000  0.96402
22032.000  0.972078
22034.000  0.98913
22036.000  0.996707
22038.000  0.996847
22040.000  0.981576
22042.000  0.965646
22044.000  0.957066
22046.000  0.971491
22048.000  0.97253
22050.000  0.8316
22052.000  0.575337
22054.000  0.827852
22056.000  0.809625
22058.000  0.897508
22060.000  0.949026
22062.000  0.864835
22064.000  0.693004
22066.000  0.700603
22068.000  0.906528
22070.000  0.96528
22072.000  0.948747
22074.000  0.954675
22076.000  0.968537
22078.000  0.965463
22080.000  0.961203
22082.000  0.912311
22084.000  0.819829
22086.000  0.950131
22088.000  0.957672
22090.000  0.943051
22092.000  0.93258
22094.000  0.972074
22096.000  0.976698
22098.000  0.970349
22100.000  0.955178
22102.000  0.966314
22104.000  0.971982
22106.000  0.970928
22108.000  0.993952
22110.000  0.99007
22112.000  0.952583
22114.000  0.968498
22116.000  0.983393
22118.000  0.966255
22120.000  0.966744
22122.000  0.970268
22124.000  0.982567
22126.000  0.96292
22128.000  0.971926
22130.000  0.980842
22132.000  0.983476
22134.000  0.9725
22136.000  0.955121
22138.000  0.957909
22140.000  0.979408
22142.000  0.977242
22144.000  0.971043
22146.000  0.951357
22148.000  0.968525
22150.000  0.970697
22152.000  0.968045
22154.000  0.975661
22156.000  0.954146
22158.000  0.942705
22160.000  0.962702
22162.000  0.980203
22164.000  0.987348
22166.000  0.979279
22168.000  0.982137
22170.000  0.986997
22172.000  0.977776
22174.000  0.988143
22176.000  0.969049
22178.000  0.930177
22180.000  0.970257
22182.000  0.990215
22184.000  0.99202
22186.000  0.983895
22188.000  0.976378
22190.000  0.983879
22192.000  0.972792
22194.000  0.954637
22196.000  0.973939
22198.000  0.965823
22200.000  0.97316
22202.000  0.966735
22204.000  0.965797
22206.000  0.876783
22208.000  0.859351
22210.000  0.863277
22212.000  0.913713
22214.000  0.975084
22216.000  0.957978
22218.000  0.955284
22220.000  0.96753
22222.000  0.991014
22224.000  0.999024
22226.000  0.992886
22228.000  0.966208
22230.000  0.964865
22232.000  0.891036
22234.000  0.884164
22236.000  0.951927
22238.000  0.971291
22240.000  0.982925
22242.000  0.971557
22244.000  0.960104
22246.000  0.972198
22248.000  0.9795
22250.000  0.984294
22252.000  0.96572
22254.000  0.967379
22256.000  0.925154
22258.000  0.903586
22260.000  0.902008
22262.000  0.944001
22264.000  0.952159
22266.000  0.863514
22268.000  0.897313
22270.000  0.971239
22272.000  0.959879
22274.000  0.860383
22276.000  0.917513
22278.000  0.888768
22280.000  0.947767
22282.000  0.976358
22284.000  0.987063
22286.000  0.985462
22288.000  0.973979
22290.000  0.974077
22292.000  0.974425
22294.000  0.956437
22296.000  0.936169
22298.000  0.895124
22300.000  0.948919
22302.000  0.964999
22304.000  0.983598
22306.000  0.978757
22308.000  0.920319
22310.000  0.840264
22312.000  0.937588
22314.000  0.985098
22316.000  0.971726
22318.000  0.97708
22320.000  0.987615
22322.000  0.98648
22324.000  0.986492
22326.000  0.988231
22328.000  0.996938
22330.000  0.991234
22332.000  0.982622
22334.000  0.978579
22336.000  0.974342
22338.000  0.974661
22340.000  0.958703
22342.000  0.957895
22344.000  0.981973
22346.000  0.967237
22348.000  0.95799
22350.000  0.973285
22352.000  0.975221
22354.000  0.972109
22356.000  0.976008
22358.000  0.969283
22360.000  0.956664
22362.000  0.980429
22364.000  0.988466
22366.000  0.977551
22368.000  0.969935
22370.000  0.973047
22372.000  0.96694
22374.000  0.961238
22376.000  0.955384
22378.000  0.957139
22380.000  0.895383
22382.000  0.922539
22384.000  0.953864
22386.000  0.953962
22388.000  0.951963
22390.000  0.868299
22392.000  0.884509
22394.000  0.759401
22396.000  0.880944
22398.000  0.971999
22400.000  0.964633
22402.000  0.975083
22404.000  0.9649
22406.000  0.974279
22408.000  0.978299
22410.000  0.982151
22412.000  0.986227
22414.000  0.963702
22416.000  0.964272
22418.000  0.965729
22420.000  0.923614
22422.000  0.955342
22424.000  0.95848
22426.000  0.961158
22428.000  0.970309
22430.000  0.972676
22432.000  0.971229
22434.000  0.979048
22436.000  0.977945
22438.000  0.976802
22440.000  0.97401
22442.000  0.926831
22444.000  0.881744
22446.000  0.977771
22448.000  0.997347
22450.000  0.989205
22452.000  0.980887
22454.000  0.971395
22456.000  0.964007
22458.000  0.979333
22460.000  0.972738
22462.000  0.962548
22464.000  0.971079
22466.000  0.989432
22468.000  0.97133
22470.000  0.967601
22472.000  0.921447
22474.000  0.8985
22476.000  0.971026
22478.000  0.955059
22480.000  0.964582
22482.000  0.98526
22484.000  0.963475
22486.000  0.975196
22488.000  0.942191
22490.000  0.966524
22492.000  0.966779
22494.000  0.953954
22496.000  0.982914
22498.000  0.980034
22500.000  0.983157
22502.000  0.971437
22504.000  0.96838
22506.000  0.969201
22508.000  0.963105
22510.000  0.979116
22512.000  0.980901
22514.000  0.964286
22516.000  0.972661
22518.000  0.968463
22520.000  0.978726
22522.000  0.973054
22524.000  0.979734
22526.000  0.974185
22528.000  0.988175
22530.000  0.997445
22532.000  0.987681
22534.000  0.958147
22536.000  0.915022
22538.000  0.892252
22540.000  0.966079
22542.000  0.955366
22544.000  0.901374
22546.000  0.963229
22548.000  0.972976
22550.000  0.982143
22552.000  0.956226
22554.000  0.972125
22556.000  0.975468
22558.000  0.983714
22560.000  0.981971
22562.000  0.980641
22564.000  0.958683
22566.000  0.976567
22568.000  0.977397
22570.000  0.963944
22572.000  0.973232
22574.000  0.971081
22576.000  0.978344
22578.000  0.985076
22580.000  0.978105
22582.000  0.981022
22584.000  0.982545
22586.000  0.974817
22588.000  0.983907
22590.000  0.984236
22592.000  0.968935
22594.000  0.968598
22596.000  0.970743
22598.000  0.971139
22600.000  0.984655
22602.000  0.994229
22604.000  0.986038
22606.000  0.963361
22608.000  0.890296
22610.000  0.909829
22612.000  0.933457
22614.000  0.968746
22616.000  0.963826
22618.000  0.935687
22620.000  0.82155
22622.000  0.89257
22624.000  0.91615
22626.000  0.889318
22628.000  0.950967
22630.000  0.966491
22632.000  0.926807
22634.000  0.938242
22636.000  0.824621
22638.000  0.840783
22640.000  0.972372
22642.000  0.979831
22644.000  0.972769
22646.000  0.980025
22648.000  0.985564
22650.000  0.927679
22652.000  0.893241
22654.000  0.932769
22656.000  0.802201
22658.000  0.840889
22660.000  0.966396
22662.000  0.985751
22664.000  0.980755
22666.000  0.966667
22668.000  0.975379
22670.000  0.987796
22672.000  0.979475
22674.000  0.977064
22676.000  0.97304
22678.000  0.975029
22680.000  0.964896
22682.000  0.962531
22684.000  0.96306
22686.000  0.970299
22688.000  0.985266
22690.000  0.977547
22692.000  0.960186
22694.000  0.988214
22696.000  0.974383
22698.000  0.972001
22700.000  0.95968
22702.000  0.962246
22704.000  0.984711
22706.000  0.985893
22708.000  0.966873
22710.000  0.989997
22712.000  0.979412
22714.000  0.971586
22716.000  0.984459
22718.000  0.976803
22720.000  0.98459
22722.000  0.994523
22724.000  0.991855
22726.000  0.98177
22728.000  0.974291
22730.000  0.974168
22732.000  0.985782
22734.000  0.980146
22736.000  0.978298
22738.000  0.982717
22740.000  0.921414
22742.000  0.960775
22744.000  0.984049
22746.000  0.987446
22748.000  0.962082
22750.000  0.963239
22752.000  0.965477
22754.000  0.963038
22756.000  0.99017
22758.000  0.972667
22760.000  0.952676
22762.000  0.961602
22764.000  0.985706
22766.000  0.993431
22768.000  0.9988
22770.000  0.997895
22772.000  0.985285
22774.000  0.972987
22776.000  0.974264
22778.000  0.987851
22780.000  0.994262
22782.000  0.979323
22784.000  0.969011
22786.000  0.980489
22788.000  0.987579
22790.000  0.973812
22792.000  0.972081
22794.000  0.986043
22796.000  0.983701
22798.000  0.984296
22800.000  0.984824
22802.000  0.986771
22804.000  0.97216
22806.000  0.92013
22808.000  0.806712
22810.000  0.936812
22812.000  0.969308
22814.000  0.982744
22816.000  0.984204
22818.000  0.956828
22820.000  0.907006
22822.000  0.917651
22824.000  0.964569
22826.000  0.968816
22828.000  0.971598
22830.000  0.979129
22832.000  0.92939
22834.000  0.957457
22836.000  0.98502
22838.000  0.98816
22840.000  0.980115
22842.000  0.972569
22844.000  0.973852
22846.000  0.92803
22848.000  0.971146
22850.000  0.973194
22852.000  0.979251
22854.000  0.986675
22856.000  0.970928
22858.000  0.957181
22860.000  0.983833
22862.000  0.985677
22864.000  0.980677
22866.000  0.993797
22868.000  0.979537
22870.000  0.969162
22872.000  0.96873
22874.000  0.985973
22876.000  0.991258
22878.000  0.990198
22880.000  0.975369
22882.000  0.975397
22884.000  0.975989
22886.000  0.989688
22888.000  0.984883
22890.000  0.953893
22892.000  0.969868
22894.000  0.981548
22896.000  0.974972
22898.000  0.970853
22900.000  0.965131
22902.000  0.980554
22904.000  0.986238
22906.000  0.965231
22908.000  0.971239
22910.000  0.98826
22912.000  0.983841
22914.000  0.96735
22916.000  0.969143
22918.000  0.98571
22920.000  0.988026
22922.000  0.983322
22924.000  0.976682
22926.000  0.952223
22928.000  0.736796
22930.000  0.453847
22932.000  0.481218
22934.000  0.546411
22936.000  0.591152
22938.000  0.629433
22940.000  0.641891
22942.000  0.687853
22944.000  0.661118
22946.000  0.737009
22948.000  0.684782
22950.000  0.763063
22952.000  0.685697
22954.000  0.817463
22956.000  0.66555
22958.000  0.846044
22960.000  0.729901
22962.000  0.681995
22964.000  0.746801
22966.000  0.641948
22968.000  0.843878
22970.000  0.869528
22972.000  0.674213
22974.000  0.88229
22976.000  0.898391
22978.000  0.679587
22980.000  0.85708
22982.000  0.934467
22984.000  0.66393
22986.000  0.503788
22988.000  0.822622
22990.000  0.852248
22992.000  0.709117
22994.000  0.924865
22996.000  0.953953
22998.000  0.769182
23000.000  0.779054
23002.000  0.969637
23004.000  0.964347
23006.000  0.779408
23008.000  0.82697
23010.000  0.97419
23012.000  0.970132
23014.000  0.817055
23016.000  0.813831
23018.000  0.973433
23020.000  0.974265
23022.000  0.873917
23024.000  0.780004
23026.000  0.937524
23028.000  0.9679
23030.000  0.942284
23032.000  0.755423
23034.000  0.851866
23036.000  0.958342
23038.000  0.950009
23040.000  0.885064
23042.000  0.7089
23044.000  0.892161
23046.000  0.952474
23048.000  0.964255
23050.000  0.847666
23052.000  0.69682
23054.000  0.904399
23056.000  0.974545
23058.000  0.969758
23060.000  0.880135
23062.000  0.711268
23064.000  0.87838
23066.000  0.964734
23068.000  0.974568
23070.000  0.936679
23072.000  0.749138
23074.000  0.805082
23076.000  0.941348
23078.000  0.963192
23080.000  0.964284
23082.000  0.834093
23084.000  0.763252
23086.000  0.881695
23088.000  0.972899
23090.000  0.973382
23092.000  0.924039
23094.000  0.77095
23096.000  0.824879
23098.000  0.902322
23100.000  0.98152
23102.000  0.980052
23104.000  0.930146
23106.000  0.778044
23108.000  0.858206
23110.000  0.888932
23112.000  0.968101
23114.000  0.98528
23116.000  0.948771
23118.000  0.750406
23120.000  0.74259
23122.000  0.85027
23124.000  0.956404
23126.000  0.98053
23128.000  0.949622
23130.000  0.800091
23132.000  0.846559
23134.000  0.915134
23136.000  0.903655
23138.000  0.974998
23140.000  0.980771
23142.000  0.896724
23144.000  0.73705
23146.000  0.911751
23148.000  0.912199
23150.000  0.917039
23152.000  0.977932
23154.000  0.970718
23156.000  0.835727
23158.000  0.826199
23160.000  0.9569
23162.000  0.905892
23164.000  0.844611
23166.000  0.94885
23168.000  0.963663
23170.000  0.81612
23172.000  0.833951
23174.000  0.934453
23176.000  0.917598
23178.000  0.882397
23180.000  0.958399
23182.000  0.944603
23184.000  0.837826
23186.000  0.837582
23188.000  0.92229
23190.000  0.875379
23192.000  0.864985
23194.000  0.933227
23196.000  0.98161
23198.000  0.894409
23200.000  0.802575
23202.000  0.94851
23204.000  0.955055
23206.000  0.964192
23208.000  0.90849
23210.000  0.958885
23212.000  0.949275
23214.000  0.793737
23216.000  0.868188
23218.000  0.89654
23220.000  0.595588
23222.000  0.419823
23224.000  0.46704
23226.000  0.518958
23228.000  0.546998
23230.000  0.556985
23232.000  0.62548
23234.000  0.626829
23236.000  0.672418
23238.000  0.67665
23240.000  0.707011
23242.000  0.683317
23244.000  0.723542
23246.000  0.597256
23248.000  0.799583
23250.000  0.673623
23252.000  0.762603
23254.000  0.75196
23256.000  0.631294
23258.000  0.80441
23260.000  0.755135
23262.000  0.672904
23264.000  0.893904
23266.000  0.792562
23268.000  0.693297
23270.000  0.898238
23272.000  0.849409
23274.000  0.670831
23276.000  0.821056
23278.000  0.761618
23280.000  0.63912
23282.000  0.741158
23284.000  0.943483
23286.000  0.885287
23288.000  0.677619
23290.000  0.821784
23292.000  0.905293
23294.000  0.814024
23296.000  0.615237
23298.000  0.841261
23300.000  0.961945
23302.000  0.886159
23304.000  0.670769
23306.000  0.823288
23308.000  0.888579
23310.000  0.874336
23312.000  0.681988
23314.000  0.74839
23316.000  0.946034
23318.000  0.962525
23320.000  0.874922
23322.000  0.695936
23324.000  0.900685
23326.000  0.972031
23328.000  0.922377
23330.000  0.720979
23332.000  0.700241
23334.000  0.923233
23336.000  0.971495
23338.000  0.961137
23340.000  0.821594
23342.000  0.78402
23344.000  0.950171
23346.000  0.950886
23348.000  0.765622
23350.000  0.691457
23352.000  0.754326
23354.000  0.947767
23356.000  0.984416
23358.000  0.982425
23360.000  0.909182
23362.000  0.708685
23364.000  0.867561
23366.000  0.912006
23368.000  0.797302
23370.000  0.915298
23372.000  0.795748
23374.000  0.716794
23376.000  0.926719
23378.000  0.87162
23380.000  0.860987
23382.000  0.929989
23384.000  0.731685
23386.000  0.661548
23388.000  0.838106
23390.000  0.945156
23392.000  0.973299
23394.000  0.936108
23396.000  0.752833
23398.000  0.781739
23400.000  0.938479
23402.000  0.939788
23404.000  0.690837
23406.000  0.641884
23408.000  0.704455
23410.000  0.760815
23412.000  0.88883
23414.000  0.976327
23416.000  0.977144
23418.000  0.965973
23420.000  0.837226
23422.000  0.791906
23424.000  0.851993
23426.000  0.83168
23428.000  0.933949
23430.000  0.960884
23432.000  0.910887
23434.000  0.767355
23436.000  0.867255
23438.000  0.87834
23440.000  0.895658
23442.000  0.877771
23444.000  0.956522
23446.000  0.830635
23448.000  0.727484
23450.000  0.885141
23452.000  0.859396
23454.000  0.931549
23456.000  0.981837
23458.000  0.961693
23460.000  0.866527
23462.000  0.775538
23464.000  0.934096
23466.000  0.903996
23468.000  0.911183
23470.000  0.965581
23472.000  0.922324
23474.000  0.865145
23476.000  0.755824
23478.000  0.916953
23480.000  0.954817
23482.000  0.890552
23484.000  0.953216
23486.000  0.967984
23488.000  0.876898
23490.000  0.756456
23492.000  0.851045
23494.000  0.963307
23496.000  0.943715
23498.000  0.874119
23500.000  0.947821
23502.000  0.976002
23504.000  0.900197
23506.000  0.777507
23508.000  0.911689
23510.000  0.853538
23512.000  0.89798
23514.000  0.88933
23516.000  0.882207
23518.000  0.5952
23520.000  0.412741
23522.000  0.439999
23524.000  0.517774
23526.000  0.566609
23528.000  0.594994
23530.000  0.574475
23532.000  0.571167
23534.000  0.628363
23536.000  0.639981
23538.000  0.572127
23540.000  0.728686
23542.000  0.692852
23544.000  0.768783
23546.000  0.7154
23548.000  0.751025
23550.000  0.789159
23552.000  0.651726
23554.000  0.557627
23556.000  0.666683
23558.000  0.722168
23560.000  0.864421
23562.000  0.791176
23564.000  0.689493
23566.000  0.782376
23568.000  0.776211
23570.000  0.676821
23572.000  0.781925
23574.000  0.872932
23576.000  0.745416
23578.000  0.743107
23580.000  0.921247
23582.000  0.851593
23584.000  0.719142
23586.000  0.768307
23588.000  0.768916
23590.000  0.784586
23592.000  0.711273
23594.000  0.830732
23596.000  0.903473
23598.000  0.763995
23600.000  0.672027
23602.000  0.775419
23604.000  0.883292
23606.000  0.745689
23608.000  0.709215
23610.000  0.772855
23612.000  0.956028
23614.000  0.973611
23616.000  0.841358
23618.000  0.695813
23620.000  0.813259
23622.000  0.864163
23624.000  0.670721
23626.000  0.653039
23628.000  0.720784
23630.000  0.935612
23632.000  0.984663
23634.000  0.963888
23636.000  0.780638
23638.000  0.712875
23640.000  0.845775
23642.000  0.798387
23644.000  0.904497
23646.000  0.811982
23648.000  0.598949
23650.000  0.80533
23652.000  0.961679
23654.000  0.975992
23656.000  0.92433
23658.000  0.708012
23660.000  0.70653
23662.000  0.822089
23664.000  0.95926
23666.000  0.971437
23668.000  0.873684
23670.000  0.76533
23672.000  0.860812
23674.000  0.812775
23676.000  0.952286
23678.000  0.962219
23680.000  0.765593
23682.000  0.744505
23684.000  0.905847
23686.000  0.973748
23688.000  0.982134
23690.000  0.956835
23692.000  0.796726
23694.000  0.696496
23696.000  0.892458
23698.000  0.813454
23700.000  0.723153
23702.000  0.861474
23704.000  0.852119
23706.000  0.708034
23708.000  0.906517
23710.000  0.989774
23712.000  0.987515
23714.000  0.98167
23716.000  0.938077
23718.000  0.685665
23720.000  0.633783
23722.000  0.820476
23724.000  0.765224
23726.000  0.905584
23728.000  0.972443
23730.000  0.87219
23732.000  0.755947
23734.000  0.829178
23736.000  0.821783
23738.000  0.860073
23740.000  0.901184
23742.000  0.882486
23744.000  0.829514
23746.000  0.79022
23748.000  0.828811
23750.000  0.775843
23752.000  0.916253
23754.000  0.979991
23756.000  0.968562
23758.000  0.849272
23760.000  0.810459
23762.000  0.888494
23764.000  0.921856
23766.000  0.967003
23768.000  0.943986
23770.000  0.97042
23772.000  0.899028
23774.000  0.769069
23776.000  0.741661
23778.000  0.740268
23780.000  0.932776
23782.000  0.953226
23784.000  0.857462
23786.000  0.9166
23788.000  0.803644
23790.000  0.850532
23792.000  0.918588
23794.000  0.897306
23796.000  0.962848
23798.000  0.984463
23800.000  0.976737
23802.000  0.853679
23804.000  0.674823
23806.000  0.790318
23808.000  0.820849
23810.000  0.754765
23812.000  0.945715
23814.000  0.952977
23816.000  0.95433
23818.000  0.884526
23820.000  0.771007
23822.000  0.72125
23824.000  0.47343
23826.000  0.461838
23828.000  0.471271
23830.000  0.481227
23832.000  0.556944
23834.000  0.617447
23836.000  0.588318
23838.000  0.639914
23840.000  0.690987
23842.000  0.703424
23844.000  0.710669
23846.000  0.723099
23848.000  0.747172
23850.000  0.66128
23852.000  0.566965
23854.000  0.693311
23856.000  0.745078
23858.000  0.701779
23860.000  0.708937
23862.000  0.75735
23864.000  0.792241
23866.000  0.781085
23868.000  0.717548
23870.000  0.691346
23872.000  0.768184
23874.000  0.688888
23876.000  0.8288
23878.000  0.811382
23880.000  0.733749
23882.000  0.841811
23884.000  0.868086
23886.000  0.626641
23888.000  0.611487
23890.000  0.881646
23892.000  0.861391
23894.000  0.804757
23896.000  0.756449
23898.000  0.748619
23900.000  0.801198
23902.000  0.803772
23904.000  0.67377
23906.000  0.806159
23908.000  0.921507
23910.000  0.83304
23912.000  0.770819
23914.000  0.761719
23916.000  0.789623
23918.000  0.802427
23920.000  0.761124
23922.000  0.585943
23924.000  0.701455
23926.000  0.914441
23928.000  0.854158
23930.000  0.770948
23932.000  0.839029
23934.000  0.965276
23936.000  0.945549
23938.000  0.803163
23940.000  0.718517
23942.000  0.668356
23944.000  0.729483
23946.000  0.766255
23948.000  0.762379
23950.000  0.751801
23952.000  0.801353
23954.000  0.93582
23956.000  0.962902
23958.000  0.899263
23960.000  0.753447
23962.000  0.701021
23964.000  0.92487
23966.000  0.981508
23968.000  0.962844
23970.000  0.886499
23972.000  0.599352
23974.000  0.627785
23976.000  0.917876
23978.000  0.935617
23980.000  0.843745
23982.000  0.796524
23984.000  0.716447
23986.000  0.850269
23988.000  0.968833
23990.000  0.932268
23992.000  0.951568
23994.000  0.916609
23996.000  0.67034
23998.000  0.662234
