15000.000  0.904133
15002.000  0.80484
15004.000  0.821733
15006.000  0.835782
15008.000  0.841597
15010.000  0.842125
15012.000  0.790416
15014.000  0.893639
15016.000  0.876652
15018.000  0.860038
15020.000  0.77351
15022.000  0.742042
15024.000  0.64671
15026.000  0.674135
15028.000  0.796705
15030.000  0.797907
15032.000  0.842848
15034.000  0.813179
15036.000  0.859407
15038.000  0.822841
15040.000  0.655312
15042.000  0.801058
15044.000  0.873676
15046.000  0.811225
15048.000  0.684956
15050.000  0.669831
15052.000  0.733141
15054.000  0.799106
15056.000  0.829132
15058.000  0.816087
15060.000  0.816259
15062.000  0.769214
15064.000  0.822222
15066.000  0.896997
15068.000  0.833183
15070.000  0.818142
15072.000  0.843778
15074.000  0.814253
15076.000  0.801905
15078.000  0.765428
15080.000  0.783897
15082.000  0.841509
15084.000  0.77393
15086.000  0.823978
15088.000  0.804803
15090.000  0.778995
15092.000  0.848165
15094.000  0.878564
15096.000  0.864043
15098.000  0.755185
15100.000  0.789968
15102.000  0.854131
15104.000  0.858735
15106.000  0.844088
15108.000  0.836347
15110.000  0.809868
15112.000  0.778743
15114.000  0.801849
15116.000  0.778983
15118.000  0.757259
15120.000  0.840049
15122.000  0.789539
15124.000  0.897557
15126.000  0.913545
15128.000  0.785452
15130.000  0.695964
15132.000  0.785284
15134.000  0.830542
15136.000  0.847662
15138.000  0.827646
15140.000  0.812435
15142.000  0.815576
15144.000  0.784132
15146.000  0.744896
15148.000  0.781183
15150.000  0.864039
15152.000  0.887952
15154.000  0.817672
15156.000  0.849746
15158.000  0.634426
15160.000  0.831741
15162.000  0.812063
15164.000  0.753062
15166.000  0.833097
15168.000  0.840238
15170.000  0.812895
15172.000  0.824847
15174.000  0.816898
15176.000  0.856096
15178.000  0.778144
15180.000  0.722535
15182.000  0.825357
15184.000  0.843642
15186.000  0.83117
15188.000  0.833464
15190.000  0.857972
15192.000  0.845025
15194.000  0.787911
15196.000  0.839147
15198.000  0.827528
15200.000  0.793518
15202.000  0.899071
15204.000  0.875285
15206.000  0.836643
15208.000  0.781691
15210.000  0.768077
15212.000  0.777462
15214.000  0.838764
15216.000  0.818994
15218.000  0.640929
15220.000  0.796871
15222.000  0.822838
15224.000  0.839379
15226.000  0.847127
15228.000  0.8097
15230.000  0.887642
15232.000  0.865625
15234.000  0.902898
15236.000  0.817748
15238.000  0.825739
15240.000  0.876737
15242.000  0.755637
15244.000  0.739176
15246.000  0.78411
15248.000  0.849753
15250.000  0.87278
15252.000  0.79469
15254.000  0.817003
15256.000  0.859565
15258.000  0.868997
15260.000  0.859311
15262.000  0.672573
15264.000  0.717715
15266.000  0.797146
15268.000  0.850906
15270.000  0.885356
15272.000  0.86208
15274.000  0.935322
15276.000  0.788954
15278.000  0.745465
15280.000  0.760446
15282.000  0.789507
15284.000  0.761622
15286.000  0.786548
15288.000  0.859123
15290.000  0.863375
15292.000  0.840093
15294.000  0.788327
15296.000  0.836073
15298.000  0.829292
15300.000  0.865273
15302.000  0.900039
15304.000  0.928447
15306.000  0.875789
15308.000  0.824558
15310.000  0.843264
15312.000  0.863507
15314.000  0.838844
15316.000  0.83468
15318.000  0.756907
15320.000  0.822914
15322.000  0.856767
15324.000  0.858718
15326.000  0.918387
15328.000  0.788617
15330.000  0.855639
15332.000  0.884363
15334.000  0.833736
15336.000  0.813801
15338.000  0.863321
15340.000  0.888359
15342.000  0.790846
15344.000  0.75059
15346.000  0.806626
15348.000  0.912632
15350.000  0.923186
15352.000  0.857895
15354.000  0.805265
15356.000  0.806758
15358.000  0.763282
15360.000  0.802371
15362.000  0.901277
15364.000  0.872857
15366.000  0.947274
15368.000  0.887349
15370.000  0.819741
15372.000  0.770614
15374.000  0.790886
15376.000  0.791342
15378.000  0.796319
15380.000  0.784802
15382.000  0.750955
15384.000  0.785434
15386.000  0.813097
15388.000  0.789543
15390.000  0.829363
15392.000  0.779901
15394.000  0.824673
15396.000  0.802722
15398.000  0.883425
15400.000  0.810337
15402.000  0.803887
15404.000  0.839744
15406.000  0.832561
15408.000  0.771055
15410.000  0.880255
15412.000  0.879775
15414.000  0.887602
15416.000  0.83097
15418.000  0.772407
15420.000  0.74553
15422.000  0.775122
15424.000  0.824643
15426.000  0.75896
15428.000  0.775653
15430.000  0.799627
15432.000  0.822757
15434.000  0.752168
15436.000  0.817997
15438.000  0.866213
15440.000  0.876407
15442.000  0.909834
15444.000  0.930553
15446.000  0.913339
15448.000  0.937365
15450.000  0.87524
15452.000  0.83868
15454.000  0.847331
15456.000  0.795452
15458.000  0.793541
15460.000  0.81477
15462.000  0.837252
15464.000  0.849776
15466.000  0.891969
15468.000  0.899447
15470.000  0.822214
15472.000  0.80988
15474.000  0.786516
15476.000  0.831058
15478.000  0.886252
15480.000  0.896576
15482.000  0.852188
15484.000  0.837258
15486.000  0.922079
15488.000  0.882212
15490.000  0.82939
15492.000  0.860361
15494.000  0.847992
15496.000  0.772152
15498.000  0.80449
15500.000  0.806022
15502.000  0.851563
15504.000  0.868564
15506.000  0.814033
15508.000  0.877047
15510.000  0.910246
15512.000  0.784065
15514.000  0.727188
15516.000  0.88514
15518.000  0.870981
15520.000  0.899471
15522.000  0.921996
15524.000  0.899853
15526.000  0.952512
15528.000  0.888329
15530.000  0.843227
15532.000  0.774356
15534.000  0.705797
15536.000  0.751947
15538.000  0.823856
15540.000  0.865308
15542.000  0.790447
15544.000  0.76689
15546.000  0.883235
15548.000  0.904048
15550.000  0.883847
15552.000  0.794336
15554.000  0.756422
15556.000  0.730724
15558.000  0.758308
15560.000  0.807048
15562.000  0.89862
15564.000  0.869324
15566.000  0.874851
15568.000  0.860163
15570.000  0.841552
15572.000  0.819674
15574.000  0.857531
15576.000  0.734148
15578.000  0.670598
15580.000  0.6789
15582.000  0.765497
15584.000  0.777219
15586.000  0.820801
15588.000  0.793802
15590.000  0.850605
15592.000  0.850124
15594.000  0.767831
15596.000  0.77015
15598.000  0.79927
15600.000  0.822968
15602.000  0.835594
15604.000  0.868662
15606.000  0.849264
15608.000  0.840149
15610.000  0.883737
15612.000  0.83338
15614.000  0.866245
15616.000  0.816896
15618.000  0.810785
15620.000  0.846231
15622.000  0.804816
15624.000  0.854399
15626.000  0.831062
15628.000  0.797178
15630.000  0.856166
15632.000  0.770154
15634.000  0.84248
15636.000  0.790391
15638.000  0.740371
15640.000  0.810119
15642.000  0.840799
15644.000  0.81803
15646.000  0.890334
15648.000  0.86472
15650.000  0.846054
15652.000  0.85282
15654.000  0.823479
15656.000  0.875066
15658.000  0.85469
15660.000  0.780004
15662.000  0.814159
15664.000  0.895952
15666.000  0.832041
15668.000  0.832499
15670.000  0.951213
15672.000  0.803571
15674.000  0.703759
15676.000  0.837469
15678.000  0.834963
15680.000  0.854473
15682.000  0.839567
15684.000  0.816423
15686.000  0.795601
15688.000  0.907233
15690.000  0.843423
15692.000  0.744778
15694.000  0.805942
15696.000  0.921625
15698.000  0.811427
15700.000  0.849471
15702.000  0.846767
15704.000  0.798983
15706.000  0.832907
15708.000  0.803635
15710.000  0.852996
15712.000  0.799073
15714.000  0.817952
15716.000  0.810721
15718.000  0.860243
15720.000  0.841841
15722.000  0.880294
15724.000  0.875996
15726.000  0.786985
15728.000  0.813603
15730.000  0.818033
15732.000  0.84534
15734.000  0.911316
15736.000  0.862296
15738.000  0.864962
15740.000  0.714267
15742.000  0.655863
15744.000  0.662262
15746.000  0.838928
15748.000  0.759547
15750.000  0.759563
15752.000  0.861468
15754.000  0.824708
15756.000  0.752412
15758.000  0.814165
15760.000  0.908765
15762.000  0.882547
15764.000  0.852389
15766.000  0.697158
15768.000  0.774516
15770.000  0.765071
15772.000  0.806881
15774.000  0.642316
15776.000  0.587444
15778.000  0.686988
15780.000  0.725838
15782.000  0.775034
15784.000  0.78292
15786.000  0.802995
15788.000  0.79399
15790.000  0.854021
15792.000  0.821362
15794.000  0.802873
15796.000  0.73885
15798.000  0.794372
15800.000  0.834308
15802.000  0.823587
15804.000  0.856363
15806.000  0.854309
15808.000  0.864978
15810.000  0.758316
15812.000  0.87
15814.000  0.826883
15816.000  0.797019
15818.000  0.756356
15820.000  0.769756
15822.000  0.760559
15824.000  0.840424
15826.000  0.816187
15828.000  0.819853
15830.000  0.846145
15832.000  0.832347
15834.000  0.872284
15836.000  0.834372
15838.000  0.900918
15840.000  0.916887
15842.000  0.848654
15844.000  0.828032
15846.000  0.85468
15848.000  0.815838
15850.000  0.84142
15852.000  0.81787
15854.000  0.771296
15856.000  0.86473
15858.000  0.901377
15860.000  0.824019
15862.000  0.821087
15864.000  0.846091
15866.000  0.863535
15868.000  0.78652
15870.000  0.833516
15872.000  0.840302
15874.000  0.833653
15876.000  0.850376
15878.000  0.791496
15880.000  0.78855
15882.000  0.789417
15884.000  0.759547
15886.000  0.729093
15888.000  0.652069
15890.000  0.75027
15892.000  0.748085
15894.000  0.77617
15896.000  0.907786
15898.000  0.822137
15900.000  0.804716
15902.000  0.812026
15904.000  0.817825
15906.000  0.758602
15908.000  0.874778
15910.000  0.860364
15912.000  0.791527
15914.000  0.807726
15916.000  0.878608
15918.000  0.898049
15920.000  0.803494
15922.000  0.860134
15924.000  0.64715
15926.000  0.712155
15928.000  0.860261
15930.000  0.865626
15932.000  0.818875
15934.000  0.895746
15936.000  0.909287
15938.000  0.908908
15940.000  0.788413
15942.000  0.817503
15944.000  0.928508
15946.000  0.881351
15948.000  0.874281
15950.000  0.840655
15952.000  0.846365
15954.000  0.866317
15956.000  0.899423
15958.000  0.837848
15960.000  0.749649
15962.000  0.887609
15964.000  0.892783
15966.000  0.864294
15968.000  0.787084
15970.000  0.768279
15972.000  0.87138
15974.000  0.885702
15976.000  0.883743
15978.000  0.668776
15980.000  0.589162
15982.000  0.592239
15984.000  0.782083
15986.000  0.820468
15988.000  0.778132
15990.000  0.740501
15992.000  0.808279
15994.000  0.876107
15996.000  0.809132
15998.000  0.854977
16000.000  0.801114
16002.000  0.757249
16004.000  0.802717
16006.000  0.791567
16008.000  0.839365
16010.000  0.810596
16012.000  0.798656
16014.000  0.832232
16016.000  0.82204
16018.000  0.887656
16020.000  0.824977
16022.000  0.736037
16024.000  0.770264
16026.000  0.798647
16028.000  0.901566
16030.000  0.77086
16032.000  0.764477
16034.000  0.838845
16036.000  0.789844
16038.000  0.769547
16040.000  0.849852
16042.000  0.810688
16044.000  0.833368
16046.000  0.963951
16048.000  0.880011
16050.000  0.840245
16052.000  0.846429
16054.000  0.809
16056.000  0.783164
16058.000  0.914001
16060.000  0.830374
16062.000  0.74994
16064.000  0.802432
16066.000  0.845923
16068.000  0.897431
16070.000  0.850859
16072.000  0.8684
16074.000  0.801239
16076.000  0.822092
16078.000  0.862896
16080.000  0.90703
16082.000  0.847559
16084.000  0.827718
16086.000  0.913137
16088.000  0.938805
16090.000  0.83884
16092.000  0.85
16094.000  0.790678
16096.000  0.769118
16098.000  0.816129
16100.000  0.844967
16102.000  0.817277
16104.000  0.848415
16106.000  0.838461
16108.000  0.845814
16110.000  0.834242
16112.000  0.874549
16114.000  0.883734
16116.000  0.829221
16118.000  0.813794
16120.000  0.903544
16122.000  0.894672
16124.000  0.820747
16126.000  0.889389
16128.000  0.850746
16130.000  0.888374
16132.000  0.92666
16134.000  0.871162
16136.000  0.802955
16138.000  0.824684
16140.000  0.893377
16142.000  0.95568
16144.000  0.883197
16146.000  0.881014
16148.000  0.824775
16150.000  0.777001
16152.000  0.804547
16154.000  0.822272
16156.000  0.798866
16158.000  0.806585
16160.000  0.842373
16162.000  0.83608
16164.000  0.833434
16166.000  0.880917
16168.000  0.888038
16170.000  0.916312
16172.000  0.949409
16174.000  0.894314
16176.000  0.897116
16178.000  0.932868
16180.000  0.832236
16182.000  0.886411
16184.000  0.728079
16186.000  0.601789
16188.000  0.724319
16190.000  0.720983
16192.000  0.7454
16194.000  0.783424
16196.000  0.778708
16198.000  0.690044
16200.000  0.585847
16202.000  0.750536
16204.000  0.716029
16206.000  0.803451
16208.000  0.711926
16210.000  0.829132
16212.000  0.890309
16214.000  0.852818
16216.000  0.750824
16218.000  0.74246
16220.000  0.80698
16222.000  0.886862
16224.000  0.789631
16226.000  0.735773
16228.000  0.897166
16230.000  0.82603
16232.000  0.821284
16234.000  0.923947
16236.000  0.843765
16238.000  0.843398
16240.000  0.788361
16242.000  0.738568
16244.000  0.799734
16246.000  0.913406
16248.000  0.810621
16250.000  0.791852
16252.000  0.772537
16254.000  0.820406
16256.000  0.815524
16258.000  0.881313
16260.000  0.80968
16262.000  0.864265
16264.000  0.915123
16266.000  0.843608
16268.000  0.860852
16270.000  0.902306
16272.000  0.90887
16274.000  0.819369
16276.000  0.858879
16278.000  0.919673
16280.000  0.852615
16282.000  0.847428
16284.000  0.877591
16286.000  0.917327
16288.000  0.927696
16290.000  0.858423
16292.000  0.857469
16294.000  0.882866
16296.000  0.853769
16298.000  0.815573
16300.000  0.787794
16302.000  0.896934
16304.000  0.831676
16306.000  0.877732
16308.000  0.863287
16310.000  0.790899
16312.000  0.847073
16314.000  0.903612
16316.000  0.847928
16318.000  0.835249
16320.000  0.896247
16322.000  0.84736
16324.000  0.843004
16326.000  0.916559
16328.000  0.917366
16330.000  0.910846
16332.000  0.856404
16334.000  0.827091
16336.000  0.8729
16338.000  0.766632
16340.000  0.893403
16342.000  0.930226
16344.000  0.948434
16346.000  0.851763
16348.000  0.869141
16350.000  0.903855
16352.000  0.819536
16354.000  0.832932
16356.000  0.819522
16358.000  0.853659
16360.000  0.932993
16362.000  0.943544
16364.000  0.780382
16366.000  0.811538
16368.000  0.839435
16370.000  0.879207
16372.000  0.919795
16374.000  0.814078
16376.000  0.806736
16378.000  0.890086
16380.000  0.781163
16382.000  0.723765
16384.000  0.824026
16386.000  0.904097
16388.000  0.85142
16390.000  0.88661
16392.000  0.916529
16394.000  0.866012
16396.000  0.717031
16398.000  0.683651
16400.000  0.803557
16402.000  0.796599
16404.000  0.783743
16406.000  0.629637
16408.000  0.75085
16410.000  0.815799
16412.000  0.798566
16414.000  0.796391
16416.000  0.846656
16418.000  0.808632
16420.000  0.870833
16422.000  0.853126
16424.000  0.876319
16426.000  0.813098
16428.000  0.865642
16430.000  0.821472
16432.000  0.871957
16434.000  0.793956
16436.000  0.805341
16438.000  0.822664
16440.000  0.874756
16442.000  0.836442
16444.000  0.707793
16446.000  0.848124
16448.000  0.827505
16450.000  0.82142
16452.000  0.818673
16454.000  0.74601
16456.000  0.797156
16458.000  0.881865
16460.000  0.923975
16462.000  0.877503
16464.000  0.914237
16466.000  0.919464
16468.000  0.900715
16470.000  0.904395
16472.000  0.836642
16474.000  0.744633
16476.000  0.833888
16478.000  0.847945
16480.000  0.864895
16482.000  0.862821
16484.000  0.902505
16486.000  0.849332
16488.000  0.825694
16490.000  0.785467
16492.000  0.886716
16494.000  0.835315
16496.000  0.834482
16498.000  0.866526
16500.000  0.944385
16502.000  0.937088
16504.000  0.927893
16506.000  0.857271
16508.000  0.902628
16510.000  0.935781
16512.000  0.872823
16514.000  0.804938
16516.000  0.894808
16518.000  0.946775
16520.000  0.902538
16522.000  0.902259
16524.000  0.847455
16526.000  0.840953
16528.000  0.89266
16530.000  0.92789
16532.000  0.914162
16534.000  0.842055
16536.000  0.873933
16538.000  0.86054
16540.000  0.898705
16542.000  0.894923
16544.000  0.899921
16546.000  0.922413
16548.000  0.906009
16550.000  0.847293
16552.000  0.909594
16554.000  0.95608
16556.000  0.875355
16558.000  0.833125
16560.000  0.854485
16562.000  0.894396
16564.000  0.882521
16566.000  0.914363
16568.000  0.909565
16570.000  0.827291
16572.000  0.896025
16574.000  0.958043
16576.000  0.930205
16578.000  0.849835
16580.000  0.870927
16582.000  0.781452
16584.000  0.875697
16586.000  0.860147
16588.000  0.90042
16590.000  0.923046
16592.000  0.937814
16594.000  0.843156
16596.000  0.88728
16598.000  0.912963
16600.000  0.901789
16602.000  0.928394
16604.000  0.889382
16606.000  0.81921
16608.000  0.885567
16610.000  0.927904
16612.000  0.868425
16614.000  0.679316
16616.000  0.721688
16618.000  0.807626
16620.000  0.804133
16622.000  0.767177
16624.000  0.77296
16626.000  0.773082
16628.000  0.889233
16630.000  0.844596
16632.000  0.828797
16634.000  0.87805
16636.000  0.825356
16638.000  0.867862
16640.000  0.830731
16642.000  0.839116
16644.000  0.856924
16646.000  0.829096
16648.000  0.918101
16650.000  0.850281
16652.000  0.914677
16654.000  0.831906
16656.000  0.900732
16658.000  0.922523
16660.000  0.912437
16662.000  0.956674
16664.000  0.882646
16666.000  0.7737
16668.000  0.855431
16670.000  0.84326
16672.000  0.860455
16674.000  0.862393
16676.000  0.880548
16678.000  0.86249
16680.000  0.813852
16682.000  0.875331
16684.000  0.886922
16686.000  0.882741
16688.000  0.82748
16690.000  0.876978
16692.000  0.919299
16694.000  0.891838
16696.000  0.89401
16698.000  0.9139
16700.000  0.945316
16702.000  0.941722
16704.000  0.827218
16706.000  0.766782
16708.000  0.694221
16710.000  0.866493
16712.000  0.847432
16714.000  0.877303
16716.000  0.945513
16718.000  0.830816
16720.000  0.814885
16722.000  0.875771
16724.000  0.878543
16726.000  0.905002
16728.000  0.816977
16730.000  0.837024
16732.000  0.903541
16734.000  0.936927
16736.000  0.905293
16738.000  0.889478
16740.000  0.939058
16742.000  0.940037
16744.000  0.938052
16746.000  0.900166
16748.000  0.873638
16750.000  0.69543
16752.000  0.737355
16754.000  0.87972
16756.000  0.854897
16758.000  0.729857
16760.000  0.889494
16762.000  0.84765
16764.000  0.831403
16766.000  0.876455
16768.000  0.956034
16770.000  0.935631
16772.000  0.922004
16774.000  0.953007
16776.000  0.910806
16778.000  0.914401
16780.000  0.922575
16782.000  0.926111
16784.000  0.897269
16786.000  0.88929
16788.000  0.932517
16790.000  0.943029
16792.000  0.940366
16794.000  0.908148
16796.000  0.889185
16798.000  0.886669
16800.000  0.821347
16802.000  0.902719
16804.000  0.844246
16806.000  0.825239
16808.000  0.807513
16810.000  0.881375
16812.000  0.881165
16814.000  0.927203
16816.000  0.867704
16818.000  0.848211
16820.000  0.865681
16822.000  0.880276
16824.000  0.882285
16826.000  0.934985
16828.000  0.878489
16830.000  0.945469
16832.000  0.955265
16834.000  0.910113
16836.000  0.736024
16838.000  0.769962
16840.000  0.814442
16842.000  0.835477
16844.000  0.808138
16846.000  0.861582
16848.000  0.919426
16850.000  0.893937
16852.000  0.883637
16854.000  0.9322
16856.000  0.857764
16858.000  0.875568
16860.000  0.877852
16862.000  0.814504
16864.000  0.821458
16866.000  0.925782
16868.000  0.873422
16870.000  0.912497
16872.000  0.90674
16874.000  0.896293
16876.000  0.899476
16878.000  0.890059
16880.000  0.944247
16882.000  0.922456
16884.000  0.845285
16886.000  0.845624
16888.000  0.860744
16890.000  0.820877
16892.000  0.87921
16894.000  0.876926
16896.000  0.861365
16898.000  0.888769
16900.000  0.914019
16902.000  0.864828
16904.000  0.807016
16906.000  0.850306
16908.000  0.924177
16910.000  0.863952
16912.000  0.883157
16914.000  0.869127
16916.000  0.876727
16918.000  0.955593
16920.000  0.964305
16922.000  0.940777
16924.000  0.900336
16926.000  0.918554
16928.000  0.908261
16930.000  0.910503
16932.000  0.91598
16934.000  0.880403
16936.000  0.958162
16938.000  0.965361
16940.000  0.913627
16942.000  0.920217
16944.000  0.92224
16946.000  0.958511
16948.000  0.901578
16950.000  0.893919
16952.000  0.935414
16954.000  0.94782
16956.000  0.932232
16958.000  0.892059
16960.000  0.911041
16962.000  0.915492
16964.000  0.895501
16966.000  0.920399
16968.000  0.915845
16970.000  0.900888
16972.000  0.946994
16974.000  0.928099
16976.000  0.895452
16978.000  0.953564
16980.000  0.969732
16982.000  0.910078
16984.000  0.896913
16986.000  0.871649
16988.000  0.905069
16990.000  0.940049
16992.000  0.889688
16994.000  0.905083
16996.000  0.783577
16998.000  0.851304
17000.000  0.951879
17002.000  0.86308
17004.000  0.892168
17006.000  0.895043
17008.000  0.934276
17010.000  0.90351
17012.000  0.859221
17014.000  0.884588
17016.000  0.912485
17018.000  0.928057
17020.000  0.936172
17022.000  0.953343
17024.000  0.97047
17026.000  0.938581
17028.000  0.95233
17030.000  0.968666
17032.000  0.929967
17034.000  0.876665
17036.000  0.934098
17038.000  0.918532
17040.000  0.928368
17042.000  0.942893
17044.000  0.932461
17046.000  0.940998
17048.000  0.957279
17050.000  0.854019
17052.000  0.87118
17054.000  0.940534
17056.000  0.926447
17058.000  0.938414
17060.000  0.893247
17062.000  0.829818
17064.000  0.771337
17066.000  0.782864
17068.000  0.856761
17070.000  0.8755
17072.000  0.897225
17074.000  0.8219
17076.000  0.833079
17078.000  0.875286
17080.000  0.946548
17082.000  0.921485
17084.000  0.911761
17086.000  0.820886
17088.000  0.903173
17090.000  0.891649
17092.000  0.945677
17094.000  0.92211
17096.000  0.903482
17098.000  0.916538
17100.000  0.892039
17102.000  0.895109
17104.000  0.825531
17106.000  0.850441
17108.000  0.688898
17110.000  0.718741
17112.000  0.885168
17114.000  0.870521
17116.000  0.935226
17118.000  0.922165
17120.000  0.860511
17122.000  0.922578
17124.000  0.916092
17126.000  0.910315
17128.000  0.922012
17130.000  0.933595
17132.000  0.920856
17134.000  0.907222
17136.000  0.976047
17138.000  0.913069
17140.000  0.912319
17142.000  0.955255
17144.000  0.956185
17146.000  0.940229
17148.000  0.956008
17150.000  0.966141
17152.000  0.927471
17154.000  0.942596
17156.000  0.896268
17158.000  0.918329
17160.000  0.914492
17162.000  0.904709
17164.000  0.939982
17166.000  0.941072
17168.000  0.944081
17170.000  0.893552
17172.000  0.879283
17174.000  0.833759
17176.000  0.937229
17178.000  0.939423
17180.000  0.933955
17182.000  0.930251
17184.000  0.870026
17186.000  0.914135
17188.000  0.926287
17190.000  0.905846
17192.000  0.906432
17194.000  0.885839
17196.000  0.903507
17198.000  0.93665
17200.000  0.950504
17202.000  0.969067
17204.000  0.888442
17206.000  0.827628
17208.000  0.875998
17210.000  0.941383
17212.000  0.95543
17214.000  0.931021
17216.000  0.95882
17218.000  0.939129
17220.000  0.950683
17222.000  0.933991
17224.000  0.899269
17226.000  0.811429
17228.000  0.830174
17230.000  0.870404
17232.000  0.923363
17234.000  0.900068
17236.000  0.965594
17238.000  0.915624
17240.000  0.850593
17242.000  0.855729
17244.000  0.865845
17246.000  0.93945
17248.000  0.940207
17250.000  0.947701
17252.000  0.912099
17254.000  0.930807
17256.000  0.959314
17258.000  0.963355
17260.000  0.936789
17262.000  0.871597
17264.000  0.928503
17266.000  0.959829
17268.000  0.959781
17270.000  0.961584
17272.000  0.962145
17274.000  0.924407
17276.000  0.936523
17278.000  0.92635
17280.000  0.917485
17282.000  0.91188
17284.000  0.933593
17286.000  0.928266
17288.000  0.919152
17290.000  0.950596
17292.000  0.959271
17294.000  0.902309
17296.000  0.826534
17298.000  0.877611
17300.000  0.910963
17302.000  0.936943
17304.000  0.912865
17306.000  0.877439
17308.000  0.841617
17310.000  0.903712
17312.000  0.884351
17314.000  0.858693
17316.000  0.885055
17318.000  0.884878
17320.000  0.914659
17322.000  0.902241
17324.000  0.698824
17326.000  0.713219
17328.000  0.814866
17330.000  0.890423
17332.000  0.917998
17334.000  0.93786
17336.000  0.89943
17338.000  0.761672
17340.000  0.757146
17342.000  0.932434
17344.000  0.930131
17346.000  0.879643
17348.000  0.833
17350.000  0.749181
17352.000  0.864166
17354.000  0.906745
17356.000  0.840127
17358.000  0.829492
17360.000  0.858122
17362.000  0.808621
17364.000  0.862738
17366.000  0.88335
17368.000  0.901247
17370.000  0.906174
17372.000  0.938744
17374.000  0.969124
17376.000  0.962279
17378.000  0.903514
17380.000  0.894641
17382.000  0.911188
17384.000  0.920564
17386.000  0.889764
17388.000  0.931681
17390.000  0.928718
17392.000  0.949838
17394.000  0.9311
17396.000  0.908973
17398.000  0.95015
17400.000  0.94262
17402.000  0.92713
17404.000  0.916946
17406.000  0.892524
17408.000  0.830876
17410.000  0.918308
17412.000  0.905357
17414.000  0.869987
17416.000  0.892768
17418.000  0.931642
17420.000  0.889082
17422.000  0.855494
17424.000  0.869776
17426.000  0.890515
17428.000  0.892497
17430.000  0.946005
17432.000  0.954529
17434.000  0.981067
17436.000  0.968711
17438.000  0.939547
17440.000  0.954734
17442.000  0.969508
17444.000  0.951261
17446.000  0.913589
17448.000  0.903646
17450.000  0.930146
17452.000  0.975923
17454.000  0.946023
17456.000  0.913553
17458.000  0.956629
17460.000  0.965177
17462.000  0.961399
17464.000  0.947111
17466.000  0.812957
17468.000  0.843597
17470.000  0.978099
17472.000  0.973647
17474.000  0.95774
17476.000  0.940037
17478.000  0.936162
17480.000  0.955811
17482.000  0.950205
17484.000  0.940351
17486.000  0.935746
17488.000  0.976845
17490.000  0.969473
17492.000  0.9046
17494.000  0.899019
17496.000  0.686845
17498.000  0.794964
17500.000  0.869199
17502.000  0.885611
17504.000  0.946036
17506.000  0.891899
17508.000  0.897203
17510.000  0.95459
17512.000  0.956023
17514.000  0.950684
17516.000  0.960275
17518.000  0.894728
17520.000  0.923705
17522.000  0.910934
17524.000  0.930433
17526.000  0.908276
17528.000  0.919006
17530.000  0.923392
17532.000  0.935409
17534.000  0.888358
17536.000  0.895063
17538.000  0.911877
17540.000  0.914892
17542.000  0.947865
17544.000  0.929518
17546.000  0.907897
17548.000  0.859635
17550.000  0.896878
17552.000  0.945341
17554.000  0.938726
17556.000  0.925703
17558.000  0.963225
17560.000  0.940532
17562.000  0.972333
17564.000  0.949382
17566.000  0.931645
17568.000  0.964091
17570.000  0.954566
17572.000  0.941962
17574.000  0.924959
17576.000  0.91965
17578.000  0.969214
17580.000  0.936275
17582.000  0.913105
17584.000  0.94109
17586.000  0.913788
17588.000  0.943237
17590.000  0.974964
17592.000  0.940017
17594.000  0.937301
17596.000  0.968126
17598.000  0.946877
17600.000  0.964837
17602.000  0.972764
17604.000  0.915412
17606.000  0.661984
17608.000  0.668188
17610.000  0.898437
17612.000  0.933087
17614.000  0.945258
17616.000  0.896228
17618.000  0.859293
17620.000  0.930024
17622.000  0.916861
17624.000  0.861389
17626.000  0.944997
17628.000  0.951052
17630.000  0.970321
17632.000  0.945639
17634.000  0.953714
17636.000  0.942499
17638.000  0.889784
17640.000  0.896488
17642.000  0.937092
17644.000  0.968841
17646.000  0.950132
17648.000  0.94713
17650.000  0.957226
17652.000  0.958075
17654.000  0.945214
17656.000  0.895722
17658.000  0.962714
17660.000  0.967933
17662.000  0.92129
17664.000  0.927971
17666.000  0.937644
17668.000  0.940698
17670.000  0.935278
17672.000  0.928127
17674.000  0.951337
17676.000  0.943868
17678.000  0.944144
17680.000  0.941326
17682.000  0.935457
17684.000  0.928477
17686.000  0.912573
17688.000  0.976131
17690.000  0.982347
17692.000  0.969282
17694.000  0.944099
17696.000  0.914765
17698.000  0.940338
17700.000  0.9164
17702.000  0.947303
17704.000  0.948593
17706.000  0.946143
17708.000  0.88373
17710.000  0.91637
17712.000  0.943528
17714.000  0.940843
17716.000  0.975484
17718.000  0.938589
17720.000  0.94848
17722.000  0.955427
17724.000  0.965168
17726.000  0.977911
17728.000  0.974728
17730.000  0.949499
17732.000  0.929094
17734.000  0.939542
17736.000  0.940898
17738.000  0.977735
17740.000  0.982326
17742.000  0.938028
17744.000  0.63685
17746.000  0.694591
17748.000  0.946921
17750.000  0.924698
17752.000  0.919262
17754.000  0.901273
17756.000  0.960693
17758.000  0.926199
17760.000  0.912116
17762.000  0.887021
17764.000  0.935205
17766.000  0.939314
17768.000  0.938469
17770.000  0.891395
17772.000  0.89397
17774.000  0.969304
17776.000  0.973697
17778.000  0.925088
17780.000  0.895196
17782.000  0.898015
17784.000  0.921261
17786.000  0.889417
17788.000  0.890655
17790.000  0.919256
17792.000  0.955156
17794.000  0.939241
17796.000  0.965802
17798.000  0.969892
17800.000  0.955189
17802.000  0.961458
17804.000  0.97686
17806.000  0.953338
17808.000  0.941343
17810.000  0.948154
17812.000  0.90298
17814.000  0.880812
17816.000  0.923006
17818.000  0.905039
17820.000  0.93621
17822.000  0.877272
17824.000  0.894021
17826.000  0.858194
17828.000  0.931249
17830.000  0.929469
17832.000  0.943727
17834.000  0.949914
17836.000  0.939069
17838.000  0.939825
17840.000  0.9731
17842.000  0.969135
17844.000  0.931897
17846.000  0.871748
17848.000  0.920585
17850.000  0.938715
17852.000  0.964242
17854.000  0.94243
17856.000  0.944201
17858.000  0.932476
17860.000  0.9804
17862.000  0.974299
17864.000  0.961377
17866.000  0.934359
17868.000  0.954906
17870.000  0.961351
17872.000  0.965547
17874.000  0.954538
17876.000  0.947165
17878.000  0.935453
17880.000  0.964133
17882.000  0.973989
17884.000  0.963682
17886.000  0.960405
17888.000  0.969787
17890.000  0.956718
17892.000  0.942336
17894.000  0.94862
17896.000  0.964937
17898.000  0.971461
17900.000  0.965611
17902.000  0.960808
17904.000  0.932219
17906.000  0.942028
17908.000  0.970127
17910.000  0.961068
17912.000  0.940026
17914.000  0.944629
17916.000  0.928816
17918.000  0.951138
17920.000  0.983867
17922.000  0.9887
17924.000  0.978365
17926.000  0.952364
17928.000  0.934007
17930.000  0.900691
17932.000  0.95918
17934.000  0.944428
17936.000  0.933851
17938.000  0.909422
17940.000  0.960748
17942.000  0.970778
17944.000  0.984605
17946.000  0.952596
17948.000  0.960389
17950.000  0.948678
17952.000  0.968625
17954.000  0.962638
17956.000  0.968971
17958.000  0.968843
17960.000  0.976153
17962.000  0.971508
17964.000  0.966457
17966.000  0.966398
17968.000  0.937784
17970.000  0.927049
17972.000  0.962484
17974.000  0.963299
17976.000  0.952353
17978.000  0.939846
17980.000  0.96417
17982.000  0.988581
17984.000  0.978997
17986.000  0.896509
17988.000  0.805075
17990.000  0.945989
17992.000  0.982926
17994.000  0.972762
17996.000  0.963307
17998.000  0.974235
18000.000  0.96837
18002.000  0.929493
18004.000  0.922927
18006.000  0.889277
18008.000  0.928291
18010.000  0.963306
18012.000  0.95083
18014.000  0.957155
18016.000  0.932677
18018.000  0.948979
18020.000  0.961186
18022.000  0.924811
18024.000  0.932909
18026.000  0.920891
18028.000  0.838494
18030.000  0.901608
18032.000  0.930068
18034.000  0.875544
18036.000  0.919182
18038.000  0.839126
18040.000  0.918086
18042.000  0.941076
18044.000  0.935887
18046.000  0.979084
18048.000  0.942991
18050.000  0.883314
18052.000  0.9725
18054.000  0.959389
18056.000  0.934596
18058.000  0.942864
18060.000  0.94035
18062.000  0.877308
18064.000  0.92135
18066.000  0.961576
18068.000  0.981505
18070.000  0.983234
18072.000  0.968039
18074.000  0.955686
18076.000  0.919246
18078.000  0.955485
18080.000  0.975556
18082.000  0.954089
18084.000  0.92149
18086.000  0.964056
18088.000  0.984129
18090.000  0.962913
18092.000  0.955399
18094.000  0.951016
18096.000  0.962835
18098.000  0.943497
18100.000  0.954444
18102.000  0.978436
18104.000  0.972977
18106.000  0.974996
18108.000  0.920197
18110.000  0.938651
18112.000  0.934403
18114.000  0.91634
18116.000  0.919322
18118.000  0.920968
18120.000  0.949466
18122.000  0.969308
18124.000  0.955456
18126.000  0.971117
18128.000  0.962932
18130.000  0.972584
18132.000  0.966799
18134.000  0.966187
18136.000  0.97628
18138.000  0.975048
18140.000  0.955874
18142.000  0.933232
18144.000  0.974018
18146.000  0.977077
18148.000  0.952541
18150.000  0.92799
18152.000  0.968036
18154.000  0.962619
18156.000  0.965516
18158.000  0.948238
18160.000  0.959322
18162.000  0.961558
18164.000  0.951186
18166.000  0.93021
18168.000  0.932537
18170.000  0.925712
18172.000  0.903638
18174.000  0.86472
18176.000  0.886707
18178.000  0.900262
18180.000  0.927396
18182.000  0.910511
18184.000  0.948051
18186.000  0.941315
18188.000  0.961911
18190.000  0.976242
18192.000  0.983507
18194.000  0.944592
18196.000  0.920305
18198.000  0.943365
18200.000  0.938485
18202.000  0.982977
18204.000  0.978115
18206.000  0.956335
18208.000  0.977622
18210.000  0.987166
18212.000  0.945775
18214.000  0.937826
18216.000  0.960467
18218.000  0.932487
18220.000  0.941374
18222.000  0.922618
18224.000  0.901728
18226.000  0.939463
18228.000  0.95716
18230.000  0.945303
18232.000  0.959325
18234.000  0.956476
18236.000  0.941554
18238.000  0.939791
18240.000  0.965441
18242.000  0.970183
18244.000  0.968886
18246.000  0.975584
18248.000  0.926543
18250.000  0.931611
18252.000  0.958474
18254.000  0.962136
18256.000  0.968876
18258.000  0.974326
18260.000  0.977482
18262.000  0.973416
18264.000  0.928122
18266.000  0.940278
18268.000  0.959203
18270.000  0.936131
18272.000  0.942981
18274.000  0.959499
18276.000  0.963001
18278.000  0.958372
18280.000  0.939167
18282.000  0.919215
18284.000  0.850095
18286.000  0.901644
18288.000  0.948692
18290.000  0.9524
18292.000  0.922345
18294.000  0.909529
18296.000  0.921818
18298.000  0.943794
18300.000  0.912651
18302.000  0.908006
18304.000  0.944877
18306.000  0.899589
18308.000  0.703724
18310.000  0.869248
18312.000  0.968422
18314.000  0.977848
18316.000  0.963742
18318.000  0.950211
18320.000  0.925337
18322.000  0.950864
18324.000  0.953889
18326.000  0.954113
18328.000  0.970731
18330.000  0.966317
18332.000  0.985528
18334.000  0.975028
18336.000  0.955684
18338.000  0.972
18340.000  0.941447
18342.000  0.907607
18344.000  0.961371
18346.000  0.960422
18348.000  0.954536
18350.000  0.925366
18352.000  0.95981
18354.000  0.928372
18356.000  0.921465
18358.000  0.926879
18360.000  0.945258
18362.000  0.974041
18364.000  0.959045
18366.000  0.965969
18368.000  0.966658
18370.000  0.94747
18372.000  0.936692
18374.000  0.858138
18376.000  0.923361
18378.000  0.939546
18380.000  0.968055
18382.000  0.975008
18384.000  0.989161
18386.000  0.969492
18388.000  0.955877
18390.000  0.964258
18392.000  0.913077
18394.000  0.934962
18396.000  0.898477
18398.000  0.888068
18400.000  0.939683
18402.000  0.950107
18404.000  0.977306
18406.000  0.979343
18408.000  0.947935
18410.000  0.971244
18412.000  0.948566
18414.000  0.92148
18416.000  0.971026
18418.000  0.937835
18420.000  0.918855
18422.000  0.857599
18424.000  0.920018
18426.000  0.949107
18428.000  0.941853
18430.000  0.920898
18432.000  0.972744
18434.000  0.94505
18436.000  0.960069
18438.000  0.972983
18440.000  0.98856
18442.000  0.979623
18444.000  0.964087
18446.000  0.97081
18448.000  0.971365
18450.000  0.978575
18452.000  0.941761
18454.000  0.842736
18456.000  0.906959
18458.000  0.978739
18460.000  0.979423
18462.000  0.977826
18464.000  0.861251
18466.000  0.77893
18468.000  0.956629
18470.000  0.972638
18472.000  0.929946
18474.000  0.977942
18476.000  0.980043
18478.000  0.957253
18480.000  0.950554
18482.000  0.976242
18484.000  0.976967
18486.000  0.978539
18488.000  0.974422
18490.000  0.964689
18492.000  0.968257
18494.000  0.96942
18496.000  0.975401
18498.000  0.969848
18500.000  0.96866
18502.000  0.972169
18504.000  0.988064
18506.000  0.985554
18508.000  0.971068
18510.000  0.976849
18512.000  0.967942
18514.000  0.950264
18516.000  0.94993
18518.000  0.965715
18520.000  0.948365
18522.000  0.940315
18524.000  0.872155
18526.000  0.900878
18528.000  0.959875
18530.000  0.981264
18532.000  0.98617
18534.000  0.979331
18536.000  0.980342
18538.000  0.975684
18540.000  0.983776
18542.000  0.989955
18544.000  0.967356
18546.000  0.967477
18548.000  0.964281
18550.000  0.965178
18552.000  0.946438
18554.000  0.858518
18556.000  0.925617
18558.000  0.971068
18560.000  0.976891
18562.000  0.976686
18564.000  0.971106
18566.000  0.960811
18568.000  0.937287
18570.000  0.951606
18572.000  0.968011
18574.000  0.984834
18576.000  0.9886
18578.000  0.981782
18580.000  0.970309
18582.000  0.963146
18584.000  0.896169
18586.000  0.959719
18588.000  0.97986
18590.000  0.984217
18592.000  0.982162
18594.000  0.953248
18596.000  0.947161
18598.000  0.973953
18600.000  0.966766
18602.000  0.960356
18604.000  0.976471
18606.000  0.981056
18608.000  0.969989
18610.000  0.945409
18612.000  0.948709
18614.000  0.938974
18616.000  0.946523
18618.000  0.950825
18620.000  0.980871
18622.000  0.971831
18624.000  0.91066
18626.000  0.923828
18628.000  0.94123
18630.000  0.97864
18632.000  0.955203
18634.000  0.960722
18636.000  0.961654
18638.000  0.934591
18640.000  0.982702
18642.000  0.990203
18644.000  0.99336
18646.000  0.990176
18648.000  0.970661
18650.000  0.972832
18652.000  0.968556
18654.000  0.937114
18656.000  0.927718
18658.000  0.909958
18660.000  0.943582
18662.000  0.968503
18664.000  0.987459
18666.000  0.98023
18668.000  0.977705
18670.000  0.977421
18672.000  0.985643
18674.000  0.982982
18676.000  0.967765
18678.000  0.972598
18680.000  0.985937
18682.000  0.981492
18684.000  0.989395
18686.000  0.971815
18688.000  0.965436
18690.000  0.980977
18692.000  0.981256
18694.000  0.9874
18696.000  0.967503
18698.000  0.956266
18700.000  0.981606
18702.000  0.985137
18704.000  0.975077
18706.000  0.981205
18708.000  0.981619
18710.000  0.96397
18712.000  0.925317
18714.000  0.918186
18716.000  0.97296
18718.000  0.986015
18720.000  0.968118
18722.000  0.895875
18724.000  0.882995
18726.000  0.926007
18728.000  0.963294
18730.000  0.982409
18732.000  0.981745
18734.000  0.954223
18736.000  0.914428
18738.000  0.95458
18740.000  0.936493
18742.000  0.954466
18744.000  0.963556
18746.000  0.937733
18748.000  0.894367
18750.000  0.799422
18752.000  0.812845
18754.000  0.921311
18756.000  0.948385
18758.000  0.958851
18760.000  0.948625
18762.000  0.96331
18764.000  0.966792
18766.000  0.983382
18768.000  0.981686
18770.000  0.982077
18772.000  0.967251
18774.000  0.971116
18776.000  0.967127
18778.000  0.968883
18780.000  0.978455
18782.000  0.980337
18784.000  0.98033
18786.000  0.964786
18788.000  0.979473
18790.000  0.957406
18792.000  0.952535
18794.000  0.985223
18796.000  0.987982
18798.000  0.985464
18800.000  0.968435
18802.000  0.976539
18804.000  0.98804
18806.000  0.98302
18808.000  0.983678
18810.000  0.988726
18812.000  0.982251
18814.000  0.96848
18816.000  0.976298
18818.000  0.969772
18820.000  0.931835
18822.000  0.95713
18824.000  0.983119
18826.000  0.984837
18828.000  0.983019
18830.000  0.960899
18832.000  0.925436
18834.000  0.921296
18836.000  0.965867
18838.000  0.980007
18840.000  0.958864
18842.000  0.93488
18844.000  0.935924
18846.000  0.942933
18848.000  0.989068
18850.000  0.966289
18852.000  0.958205
18854.000  0.935445
18856.000  0.8452
18858.000  0.894919
18860.000  0.943039
18862.000  0.983211
18864.000  0.991838
18866.000  0.981674
18868.000  0.965078
18870.000  0.945146
18872.000  0.960178
18874.000  0.942002
18876.000  0.970514
18878.000  0.956704
18880.000  0.966004
18882.000  0.955356
18884.000  0.960502
18886.000  0.969646
18888.000  0.976903
18890.000  0.971661
18892.000  0.980681
18894.000  0.971788
18896.000  0.928458
18898.000  0.842778
18900.000  0.921964
18902.000  0.950157
18904.000  0.989708
18906.000  0.975754
18908.000  0.970393
18910.000  0.961479
18912.000  0.971932
18914.000  0.908522
18916.000  0.909677
18918.000  0.905344
18920.000  0.944879
18922.000  0.886118
18924.000  0.9333
18926.000  0.875412
18928.000  0.945849
18930.000  0.948238
18932.000  0.93271
18934.000  0.943298
18936.000  0.946668
18938.000  0.976973
18940.000  0.979028
18942.000  0.919859
18944.000  0.943878
18946.000  0.979373
18948.000  0.982138
18950.000  0.965472
18952.000  0.980382
18954.000  0.985748
18956.000  0.96855
18958.000  0.947096
18960.000  0.976449
18962.000  0.959855
18964.000  0.9295
18966.000  0.97213
18968.000  0.966489
18970.000  0.912981
18972.000  0.964595
18974.000  0.971975
18976.000  0.982119
18978.000  0.993386
18980.000  0.993843
18982.000  0.987447
18984.000  0.969859
18986.000  0.885426
18988.000  0.875539
18990.000  0.97574
18992.000  0.992304
18994.000  0.989636
18996.000  0.989492
18998.000  0.887458
19000.000  0.771595
19002.000  0.948405
19004.000  0.993149
19006.000  0.973741
19008.000  0.981312
19010.000  0.968257
19012.000  0.978582
19014.000  0.987899
19016.000  0.983813
19018.000  0.865004
19020.000  0.869641
19022.000  0.937716
19024.000  0.977072
19026.000  0.970109
19028.000  0.977067
19030.000  0.921691
19032.000  0.936539
19034.000  0.985766
19036.000  0.990691
19038.000  0.987372
19040.000  0.986286
19042.000  0.985747
19044.000  0.976287
19046.000  0.912305
19048.000  0.973224
19050.000  0.995723
19052.000  0.996371
19054.000  0.996033
19056.000  0.994356
19058.000  0.992871
19060.000  0.986882
19062.000  0.987693
19064.000  0.989282
19066.000  0.98726
19068.000  0.990113
19070.000  0.987919
19072.000  0.977768
19074.000  0.975393
19076.000  0.975297
19078.000  0.984309
19080.000  0.950596
19082.000  0.88999
19084.000  0.922684
19086.000  0.94454
19088.000  0.971653
19090.000  0.989249
19092.000  0.96423
19094.000  0.923599
19096.000  0.952632
19098.000  0.976364
19100.000  0.920466
19102.000  0.926895
19104.000  0.932715
19106.000  0.956199
19108.000  0.952024
19110.000  0.909278
19112.000  0.920114
19114.000  0.849954
19116.000  0.940495
19118.000  0.984024
19120.000  0.990899
19122.000  0.981008
19124.000  0.980044
19126.000  0.984428
19128.000  0.986306
19130.000  0.967924
19132.000  0.971882
19134.000  0.987309
19136.000  0.979199
19138.000  0.978672
19140.000  0.987691
19142.000  0.981135
19144.000  0.989818
19146.000  0.987944
19148.000  0.98841
19150.000  0.987827
19152.000  0.96408
19154.000  0.969725
19156.000  0.95004
19158.000  0.951106
19160.000  0.94964
19162.000  0.946417
19164.000  0.956536
19166.000  0.963034
19168.000  0.978728
19170.000  0.976818
19172.000  0.969214
19174.000  0.952459
19176.000  0.952456
19178.000  0.97804
19180.000  0.976978
19182.000  0.972411
19184.000  0.980647
19186.000  0.979904
19188.000  0.970548
19190.000  0.98102
19192.000  0.950943
19194.000  0.82221
19196.000  0.931023
19198.000  0.976166
19200.000  0.981959
19202.000  0.993126
19204.000  0.986076
19206.000  0.981574
19208.000  0.958525
19210.000  0.966749
19212.000  0.982065
19214.000  0.987133
19216.000  0.985784
19218.000  0.973151
19220.000  0.955629
19222.000  0.982674
19224.000  0.995679
19226.000  0.99652
19228.000  0.995481
19230.000  0.991768
19232.000  0.991828
19234.000  0.98779
19236.000  0.986658
19238.000  0.985143
19240.000  0.971977
19242.000  0.984324
19244.000  0.985784
19246.000  0.981617
19248.000  0.984177
19250.000  0.977421
19252.000  0.986439
19254.000  0.937941
19256.000  0.958994
19258.000  0.983645
19260.000  0.94435
19262.000  0.968352
19264.000  0.988732
19266.000  0.98749
19268.000  0.973635
19270.000  0.985813
19272.000  0.987506
19274.000  0.985753
19276.000  0.986714
19278.000  0.951735
19280.000  0.901815
19282.000  0.935275
19284.000  0.923656
19286.000  0.985577
19288.000  0.990599
19290.000  0.974487
19292.000  0.972622
19294.000  0.952604
19296.000  0.960427
19298.000  0.938033
19300.000  0.921128
19302.000  0.910585
19304.000  0.894008
19306.000  0.928962
19308.000  0.822821
19310.000  0.727891
19312.000  0.929746
19314.000  0.95509
19316.000  0.945659
19318.000  0.952571
19320.000  0.912161
19322.000  0.96645
19324.000  0.988776
19326.000  0.982392
19328.000  0.968482
19330.000  0.981652
19332.000  0.984617
19334.000  0.946786
19336.000  0.907864
19338.000  0.980633
19340.000  0.982958
19342.000  0.95361
19344.000  0.949128
19346.000  0.976578
19348.000  0.987245
19350.000  0.983381
19352.000  0.964621
19354.000  0.94207
19356.000  0.979785
19358.000  0.989606
19360.000  0.981695
19362.000  0.983715
19364.000  0.968274
19366.000  0.979632
19368.000  0.98296
19370.000  0.975552
19372.000  0.989387
19374.000  0.99022
19376.000  0.964419
19378.000  0.973827
19380.000  0.968754
19382.000  0.940505
19384.000  0.894914
19386.000  0.866879
19388.000  0.930309
19390.000  0.931668
19392.000  0.947674
19394.000  0.941882
19396.000  0.971056
19398.000  0.973742
19400.000  0.961889
19402.000  0.942727
19404.000  0.920597
19406.000  0.918912
19408.000  0.927508
19410.000  0.928083
19412.000  0.899541
19414.000  0.954909
19416.000  0.950482
19418.000  0.919934
19420.000  0.939882
19422.000  0.947674
19424.000  0.921348
19426.000  0.907775
19428.000  0.939713
19430.000  0.880522
19432.000  0.843936
19434.000  0.850407
19436.000  0.909191
19438.000  0.918729
19440.000  0.930774
19442.000  0.935124
19444.000  0.896593
19446.000  0.847568
19448.000  0.876127
19450.000  0.850173
19452.000  0.686606
19454.000  0.743693
19456.000  0.919788
19458.000  0.931454
19460.000  0.967324
19462.000  0.931548
19464.000  0.956791
19466.000  0.958058
19468.000  0.915644
19470.000  0.915449
19472.000  0.948263
19474.000  0.950967
19476.000  0.92906
19478.000  0.953024
19480.000  0.865604
19482.000  0.880158
19484.000  0.969381
19486.000  0.97942
19488.000  0.94236
19490.000  0.934323
19492.000  0.860096
19494.000  0.856597
19496.000  0.92823
19498.000  0.935657
19500.000  0.959267
19502.000  0.951982
19504.000  0.86113
19506.000  0.705972
19508.000  0.822768
19510.000  0.910993
19512.000  0.893758
19514.000  0.903647
19516.000  0.920413
19518.000  0.947414
19520.000  0.925904
19522.000  0.929799
19524.000  0.917219
19526.000  0.945535
19528.000  0.93449
19530.000  0.943362
19532.000  0.947186
19534.000  0.9137
19536.000  0.918451
19538.000  0.929952
19540.000  0.959846
19542.000  0.921745
19544.000  0.935229
19546.000  0.958448
19548.000  0.987954
19550.000  0.944238
19552.000  0.934604
19554.000  0.950193
19556.000  0.90489
19558.000  0.972737
19560.000  0.962655
19562.000  0.983641
19564.000  0.961622
19566.000  0.965277
19568.000  0.944331
19570.000  0.943944
19572.000  0.9765
19574.000  0.971316
19576.000  0.92846
19578.000  0.959805
19580.000  0.975039
19582.000  0.924516
19584.000  0.836537
19586.000  0.765445
19588.000  0.945414
19590.000  0.978257
19592.000  0.927982
19594.000  0.948048
19596.000  0.940856
19598.000  0.935573
19600.000  0.919294
19602.000  0.977437
19604.000  0.95043
19606.000  0.941954
19608.000  0.982499
19610.000  0.922416
19612.000  0.899745
19614.000  0.896212
19616.000  0.943854
19618.000  0.945789
19620.000  0.981298
19622.000  0.938388
19624.000  0.861298
19626.000  0.831635
19628.000  0.894642
19630.000  0.937992
19632.000  0.947925
19634.000  0.901099
19636.000  0.907465
19638.000  0.930141
19640.000  0.924154
19642.000  0.943018
19644.000  0.926686
19646.000  0.947071
19648.000  0.919748
19650.000  0.947887
19652.000  0.936715
19654.000  0.969684
19656.000  0.974645
19658.000  0.950351
19660.000  0.944376
19662.000  0.95882
19664.000  0.949284
19666.000  0.931933
19668.000  0.952492
19670.000  0.934229
19672.000  0.895709
19674.000  0.907762
19676.000  0.948567
19678.000  0.973581
19680.000  0.921794
19682.000  0.954425
19684.000  0.913443
19686.000  0.893541
19688.000  0.96564
19690.000  0.935413
19692.000  0.976679
19694.000  0.938516
19696.000  0.938388
19698.000  0.965653
19700.000  0.902246
19702.000  0.908021
19704.000  0.969467
19706.000  0.974141
19708.000  0.949774
19710.000  0.763744
19712.000  0.675956
19714.000  0.861561
19716.000  0.901314
19718.000  0.899944
19720.000  0.923303
19722.000  0.798672
19724.000  0.834317
19726.000  0.954257
19728.000  0.893382
19730.000  0.900549
19732.000  0.915842
19734.000  0.852853
19736.000  0.910708
19738.000  0.880288
19740.000  0.881847
19742.000  0.905184
19744.000  0.939058
19746.000  0.939565
19748.000  0.911765
19750.000  0.926318
19752.000  0.901158
19754.000  0.944751
19756.000  0.920637
19758.000  0.929191
19760.000  0.955959
19762.000  0.932318
19764.000  0.948276
19766.000  0.93123
19768.000  0.930399
19770.000  0.871742
19772.000  0.863521
19774.000  0.89314
19776.000  0.645779
19778.000  0.678782
19780.000  0.905692
19782.000  0.963822
19784.000  0.985758
19786.000  0.946307
19788.000  0.922031
19790.000  0.951957
19792.000  0.814672
19794.000  0.918853
19796.000  0.952759
19798.000  0.944276
19800.000  0.954115
19802.000  0.932236
19804.000  0.901356
19806.000  0.920904
19808.000  0.960245
19810.000  0.989504
19812.000  0.982744
19814.000  0.936133
19816.000  0.901164
19818.000  0.905445
19820.000  0.912164
19822.000  0.933466
19824.000  0.935289
19826.000  0.95901
19828.000  0.959126
19830.000  0.981144
19832.000  0.937478
19834.000  0.953383
19836.000  0.987278
19838.000  0.955284
19840.000  0.919585
19842.000  0.959255
19844.000  0.977638
19846.000  0.939314
19848.000  0.921856
19850.000  0.865292
19852.000  0.830886
19854.000  0.865429
19856.000  0.977306
19858.000  0.980421
19860.000  0.90858
19862.000  0.731619
19864.000  0.847181
19866.000  0.927585
19868.000  0.933217
19870.000  0.954498
19872.000  0.951426
19874.000  0.958847
19876.000  0.947052
19878.000  0.970349
19880.000  0.941702
19882.000  0.890999
19884.000  0.917967
19886.000  0.9404
19888.000  0.970118
19890.000  0.94579
19892.000  0.932508
19894.000  0.94849
19896.000  0.941378
19898.000  0.947635
19900.000  0.970447
19902.000  0.945837
19904.000  0.956929
19906.000  0.966071
19908.000  0.974304
19910.000  0.957612
19912.000  0.924485
19914.000  0.918102
19916.000  0.902928
19918.000  0.844008
19920.000  0.920782
19922.000  0.934818
19924.000  0.924859
19926.000  0.899083
19928.000  0.888661
19930.000  0.932319
19932.000  0.926573
19934.000  0.833039
19936.000  0.957295
19938.000  0.991588
19940.000  0.956162
19942.000  0.951169
19944.000  0.940477
19946.000  0.887778
19948.000  0.912102
19950.000  0.893117
19952.000  0.944757
19954.000  0.92765
19956.000  0.901901
19958.000  0.950063
19960.000  0.937231
19962.000  0.872699
19964.000  0.967579
19966.000  0.992795
19968.000  0.966215
19970.000  0.886078
19972.000  0.867297
19974.000  0.848579
19976.000  0.857843
19978.000  0.80238
19980.000  0.911659
19982.000  0.944776
19984.000  0.990514
19986.000  0.978062
19988.000  0.940644
19990.000  0.952944
19992.000  0.896227
19994.000  0.929232
19996.000  0.937708
19998.000  0.907476
20000.000  0.904749
20002.000  0.944067
20004.000  0.948425
20006.000  0.948691
20008.000  0.898743
20010.000  0.928163
20012.000  0.907024
20014.000  0.947889
20016.000  0.956517
20018.000  0.982171
20020.000  0.966255
20022.000  0.945657
20024.000  0.88932
20026.000  0.867705
20028.000  0.91416
20030.000  0.908975
20032.000  0.901029
20034.000  0.911903
20036.000  0.912836
20038.000  0.940298
20040.000  0.962312
20042.000  0.968367
20044.000  0.977244
20046.000  0.976797
20048.000  0.955576
20050.000  0.901972
20052.000  0.887189
20054.000  0.869391
20056.000  0.90754
20058.000  0.949674
20060.000  0.960725
20062.000  0.96584
20064.000  0.97319
20066.000  0.962505
20068.000  0.962007
20070.000  0.874608
20072.000  0.903254
20074.000  0.934859
20076.000  0.946109
20078.000  0.925065
20080.000  0.925585
20082.000  0.949117
20084.000  0.932277
20086.000  0.926939
20088.000  0.903145
20090.000  0.939232
20092.000  0.943155
20094.000  0.923622
20096.000  0.955017
20098.000  0.95959
20100.000  0.982794
20102.000  0.958265
20104.000  0.950955
20106.000  0.960786
20108.000  0.960796
20110.000  0.907567
20112.000  0.911543
20114.000  0.954424
20116.000  0.981992
20118.000  0.947134
20120.000  0.928916
20122.000  0.973767
20124.000  0.928779
20126.000  0.919921
20128.000  0.961308
20130.000  0.89439
20132.000  0.931833
20134.000  0.95503
20136.000  0.921335
20138.000  0.971193
20140.000  0.987481
20142.000  0.966751
20144.000  0.968908
20146.000  0.940409
20148.000  0.963581
20150.000  0.977737
20152.000  0.918107
20154.000  0.920387
20156.000  0.949574
20158.000  0.926174
20160.000  0.973167
20162.000  0.976727
20164.000  0.911655
20166.000  0.891058
20168.000  0.876921
20170.000  0.819489
20172.000  0.917985
20174.000  0.929414
20176.000  0.966229
20178.000  0.94266
20180.000  0.92633
20182.000  0.950698
20184.000  0.886828
20186.000  0.887786
20188.000  0.90171
20190.000  0.927366
20192.000  0.957623
20194.000  0.93523
20196.000  0.913284
20198.000  0.874164
20200.000  0.912926
20202.000  0.942124
20204.000  0.913125
20206.000  0.874658
20208.000  0.858874
20210.000  0.850743
20212.000  0.89031
20214.000  0.916592
20216.000  0.912012
20218.000  0.910057
20220.000  0.950878
20222.000  0.948945
20224.000  0.9344
20226.000  0.936177
20228.000  0.945305
20230.000  0.937425
20232.000  0.95077
20234.000  0.959378
20236.000  0.951757
20238.000  0.888446
20240.000  0.685057
20242.000  0.677933
20244.000  0.901695
20246.000  0.938883
20248.000  0.924408
20250.000  0.889865
20252.000  0.918974
20254.000  0.931604
20256.000  0.889245
20258.000  0.940792
20260.000  0.979947
20262.000  0.956354
20264.000  0.892228
20266.000  0.930146
20268.000  0.96853
20270.000  0.956902
20272.000  0.946161
20274.000  0.971615
20276.000  0.95784
20278.000  0.965239
20280.000  0.920411
20282.000  0.864385
20284.000  0.87976
20286.000  0.899527
20288.000  0.901411
20290.000  0.911364
20292.000  0.929683
20294.000  0.889338
20296.000  0.819663
20298.000  0.863589
20300.000  0.894165
20302.000  0.854284
20304.000  0.930871
20306.000  0.951969
20308.000  0.95357
20310.000  0.956362
20312.000  0.927721
20314.000  0.903858
20316.000  0.918299
20318.000  0.886621
20320.000  0.897777
20322.000  0.950066
20324.000  0.944682
20326.000  0.922908
20328.000  0.937689
20330.000  0.95318
20332.000  0.934594
20334.000  0.902202
20336.000  0.92743
20338.000  0.899859
20340.000  0.924321
20342.000  0.910929
20344.000  0.814516
20346.000  0.879566
20348.000  0.93393
20350.000  0.889506
20352.000  0.898487
20354.000  0.92922
20356.000  0.990165
20358.000  0.968937
20360.000  0.97258
20362.000  0.964537
20364.000  0.911516
20366.000  0.911633
20368.000  0.908965
20370.000  0.918949
20372.000  0.914684
20374.000  0.896902
20376.000  0.897221
20378.000  0.874478
20380.000  0.920886
20382.000  0.874438
20384.000  0.897785
20386.000  0.89333
20388.000  0.965445
20390.000  0.942549
20392.000  0.932352
20394.000  0.928378
20396.000  0.905918
20398.000  0.959897
20400.000  0.954833
20402.000  0.93537
20404.000  0.932865
20406.000  0.913324
20408.000  0.946328
20410.000  0.942634
20412.000  0.904879
20414.000  0.916751
20416.000  0.952146
20418.000  0.914117
20420.000  0.899023
20422.000  0.948828
20424.000  0.909748
20426.000  0.937044
20428.000  0.934755
20430.000  0.933064
20432.000  0.940389
20434.000  0.939097
20436.000  0.930996
20438.000  0.909427
20440.000  0.88282
20442.000  0.86788
20444.000  0.906208
20446.000  0.900012
20448.000  0.939104
20450.000  0.944416
20452.000  0.899675
20454.000  0.915179
20456.000  0.939546
20458.000  0.911191
20460.000  0.967316
20462.000  0.94171
20464.000  0.952498
20466.000  0.968284
20468.000  0.907468
20470.000  0.871136
20472.000  0.903509
20474.000  0.935646
20476.000  0.948011
20478.000  0.949088
20480.000  0.910036
20482.000  0.906456
20484.000  0.931125
20486.000  0.969247
20488.000  0.923683
20490.000  0.841147
20492.000  0.915111
20494.000  0.963676
20496.000  0.943718
20498.000  0.93664
20500.000  0.953496
20502.000  0.902113
20504.000  0.896582
20506.000  0.899049
20508.000  0.942157
20510.000  0.94093
20512.000  0.946193
20514.000  0.968788
20516.000  0.932307
20518.000  0.955791
20520.000  0.898065
20522.000  0.818632
20524.000  0.894467
20526.000  0.912815
20528.000  0.899218
20530.000  0.904684
20532.000  0.934488
20534.000  0.903752
20536.000  0.943278
20538.000  0.89437
20540.000  0.902759
20542.000  0.885336
20544.000  0.924186
20546.000  0.943575
20548.000  0.901387
20550.000  0.949215
20552.000  0.961926
20554.000  0.887782
20556.000  0.917536
20558.000  0.931651
20560.000  0.905281
20562.000  0.91651
20564.000  0.897167
20566.000  0.930059
20568.000  0.946346
20570.000  0.948632
20572.000  0.938353
20574.000  0.952839
20576.000  0.922486
20578.000  0.909485
20580.000  0.918339
20582.000  0.873059
20584.000  0.841693
20586.000  0.881212
20588.000  0.915161
20590.000  0.958113
20592.000  0.973561
20594.000  0.91247
20596.000  0.874065
20598.000  0.895142
20600.000  0.905009
20602.000  0.903287
20604.000  0.928031
20606.000  0.910966
20608.000  0.884484
20610.000  0.940089
20612.000  0.941545
20614.000  0.939382
20616.000  0.939661
20618.000  0.948957
20620.000  0.938993
20622.000  0.98708
20624.000  0.994987
20626.000  0.915832
20628.000  0.739567
20630.000  0.816952
20632.000  0.740702
20634.000  0.872885
20636.000  0.903115
20638.000  0.887059
20640.000  0.876675
20642.000  0.88753
20644.000  0.915594
20646.000  0.940677
20648.000  0.941175
20650.000  0.910722
20652.000  0.928131
20654.000  0.972343
20656.000  0.947378
20658.000  0.924671
20660.000  0.967331
20662.000  0.984668
20664.000  0.971751
20666.000  0.930058
20668.000  0.890651
20670.000  0.907694
20672.000  0.969352
20674.000  0.973729
20676.000  0.937858
20678.000  0.970412
20680.000  0.963631
20682.000  0.936915
20684.000  0.915803
20686.000  0.942776
20688.000  0.959231
20690.000  0.951148
20692.000  0.890579
20694.000  0.867183
20696.000  0.89132
20698.000  0.838371
20700.000  0.869997
20702.000  0.86589
20704.000  0.904573
20706.000  0.931794
20708.000  0.926616
20710.000  0.933444
20712.000  0.881266
20714.000  0.902353
20716.000  0.924476
20718.000  0.930062
20720.000  0.974844
20722.000  0.937951
20724.000  0.933646
20726.000  0.963582
20728.000  0.987587
20730.000  0.968198
20732.000  0.928161
20734.000  0.896976
20736.000  0.909471
20738.000  0.913648
20740.000  0.925011
20742.000  0.897857
20744.000  0.914255
20746.000  0.949688
20748.000  0.949778
20750.000  0.922666
20752.000  0.925985
20754.000  0.926302
20756.000  0.947635
20758.000  0.967793
20760.000  0.945773
20762.000  0.887098
20764.000  0.953908
20766.000  0.95634
20768.000  0.917198
20770.000  0.962852
20772.000  0.93294
20774.000  0.892991
20776.000  0.945159
20778.000  0.929727
20780.000  0.930372
20782.000  0.94438
20784.000  0.979169
20786.000  0.954263
20788.000  0.879957
20790.000  0.94129
20792.000  0.927411
20794.000  0.940506
20796.000  0.939774
20798.000  0.91203
20800.000  0.867255
20802.000  0.933297
20804.000  0.911423
20806.000  0.912153
20808.000  0.904732
20810.000  0.908856
20812.000  0.921015
20814.000  0.908764
20816.000  0.91307
20818.000  0.914628
20820.000  0.870758
20822.000  0.929913
20824.000  0.936117
20826.000  0.940102
20828.000  0.910839
20830.000  0.939775
20832.000  0.880737
20834.000  0.846173
20836.000  0.954945
20838.000  0.980867
20840.000  0.894324
20842.000  0.888835
20844.000  0.922336
20846.000  0.928967
20848.000  0.927053
20850.000  0.923035
20852.000  0.93447
20854.000  0.952109
20856.000  0.973204
20858.000  0.989153
20860.000  0.941982
20862.000  0.932924
20864.000  0.940199
20866.000  0.93024
20868.000  0.938947
20870.000  0.961398
20872.000  0.958584
20874.000  0.923607
20876.000  0.893275
20878.000  0.896431
20880.000  0.923221
20882.000  0.918927
20884.000  0.943896
20886.000  0.913683
20888.000  0.907192
20890.000  0.914336
20892.000  0.938788
20894.000  0.981978
20896.000  0.974799
20898.000  0.957879
20900.000  0.943041
20902.000  0.892077
20904.000  0.876023
20906.000  0.870415
20908.000  0.864498
20910.000  0.930583
20912.000  0.942586
20914.000  0.95546
20916.000  0.904252
20918.000  0.884921
20920.000  0.961376
20922.000  0.930612
20924.000  0.946035
20926.000  0.900488
20928.000  0.877157
20930.000  0.891364
20932.000  0.971442
20934.000  0.97085
20936.000  0.961927
20938.000  0.899063
20940.000  0.944352
20942.000  0.974287
20944.000  0.935252
20946.000  0.958465
20948.000  0.908079
20950.000  0.907916
20952.000  0.892931
20954.000  0.892147
20956.000  0.899169
20958.000  0.917035
20960.000  0.954317
20962.000  0.887457
20964.000  0.902067
20966.000  0.969017
20968.000  0.978378
20970.000  0.895966
20972.000  0.818764
20974.000  0.895376
20976.000  0.976702
20978.000  0.985725
20980.000  0.98585
20982.000  0.957927
20984.000  0.927012
20986.000  0.943808
20988.000  0.943727
20990.000  0.926774
20992.000  0.931978
20994.000  0.930433
20996.000  0.91642
20998.000  0.959191
21000.000  0.975079
21002.000  0.989126
21004.000  0.961686
21006.000  0.887604
21008.000  0.910496
21010.000  0.890713
21012.000  0.882176
21014.000  0.903736
21016.000  0.919084
21018.000  0.950677
21020.000  0.93386
21022.000  0.920551
21024.000  0.911138
21026.000  0.959325
21028.000  0.95443
21030.000  0.95019
21032.000  0.928915
21034.000  0.938685
21036.000  0.959362
21038.000  0.977271
21040.000  0.951276
21042.000  0.906793
21044.000  0.916183
21046.000  0.923919
21048.000  0.963911
21050.000  0.933715
21052.000  0.930517
21054.000  0.953412
21056.000  0.931918
21058.000  0.938692
21060.000  0.93953
21062.000  0.922911
21064.000  0.897084
21066.000  0.845881
21068.000  0.923302
21070.000  0.915914
21072.000  0.888954
21074.000  0.917813
21076.000  0.930036
21078.000  0.925534
21080.000  0.919528
21082.000  0.911717
21084.000  0.927962
21086.000  0.931478
21088.000  0.93055
21090.000  0.926174
21092.000  0.856579
21094.000  0.860158
21096.000  0.934587
21098.000  0.954875
21100.000  0.953935
21102.000  0.957024
21104.000  0.93395
21106.000  0.919272
21108.000  0.908272
21110.000  0.916009
21112.000  0.897336
21114.000  0.88854
21116.000  0.971678
21118.000  0.941394
21120.000  0.909111
21122.000  0.942403
21124.000  0.898176
21126.000  0.938518
21128.000  0.933165
21130.000  0.937907
21132.000  0.954197
21134.000  0.947812
21136.000  0.948458
21138.000  0.949742
21140.000  0.881395
21142.000  0.923611
21144.000  0.93952
21146.000  0.920829
21148.000  0.912352
21150.000  0.937569
21152.000  0.932231
21154.000  0.901279
21156.000  0.896473
21158.000  0.941922
21160.000  0.893341
21162.000  0.866892
21164.000  0.788354
21166.000  0.907469
21168.000  0.920863
21170.000  0.96288
21172.000  0.951223
21174.000  0.93144
21176.000  0.960774
21178.000  0.8884
21180.000  0.916346
21182.000  0.964377
21184.000  0.965717
21186.000  0.947648
21188.000  0.956012
21190.000  0.935414
21192.000  0.899551
21194.000  0.885226
21196.000  0.862472
21198.000  0.935433
21200.000  0.933125
21202.000  0.905909
21204.000  0.90658
21206.000  0.907826
21208.000  0.921807
21210.000  0.917208
21212.000  0.906447
21214.000  0.938109
21216.000  0.945118
21218.000  0.942673
21220.000  0.951852
21222.000  0.952003
21224.000  0.940266
21226.000  0.878038
21228.000  0.947095
21230.000  0.976812
21232.000  0.887146
21234.000  0.838893
21236.000  0.957858
21238.000  0.930977
21240.000  0.94563
21242.000  0.960759
21244.000  0.885035
21246.000  0.87385
21248.000  0.912997
21250.000  0.936979
21252.000  0.971351
21254.000  0.947931
21256.000  0.957451
21258.000  0.942139
21260.000  0.868824
21262.000  0.905049
21264.000  0.959439
21266.000  0.918286
21268.000  0.920302
21270.000  0.968977
21272.000  0.978155
21274.000  0.940256
21276.000  0.910521
21278.000  0.925506
21280.000  0.92756
21282.000  0.930879
21284.000  0.895263
21286.000  0.924943
21288.000  0.927217
21290.000  0.895798
21292.000  0.939162
21294.000  0.96916
21296.000  0.911783
21298.000  0.910561
21300.000  0.946082
21302.000  0.981615
21304.000  0.973116
21306.000  0.954267
21308.000  0.896177
21310.000  0.872785
21312.000  0.959166
21314.000  0.960301
21316.000  0.947023
21318.000  0.915508
21320.000  0.924206
21322.000  0.93811
21324.000  0.923311
21326.000  0.943961
21328.000  0.950562
21330.000  0.975197
21332.000  0.914508
21334.000  0.930949
21336.000  0.933386
21338.000  0.887892
21340.000  0.898684
21342.000  0.938868
21344.000  0.916788
21346.000  0.922309
21348.000  0.951873
21350.000  0.899689
21352.000  0.900355
21354.000  0.838324
21356.000  0.880726
21358.000  0.963473
21360.000  0.972978
21362.000  0.927895
21364.000  0.922037
21366.000  0.957949
21368.000  0.955849
21370.000  0.963859
21372.000  0.935132
21374.000  0.937304
21376.000  0.9577
21378.000  0.952181
21380.000  0.935264
21382.000  0.948144
21384.000  0.945541
21386.000  0.932761
21388.000  0.94422
21390.000  0.930295
21392.000  0.93994
21394.000  0.948491
21396.000  0.916251
21398.000  0.895602
21400.000  0.939626
21402.000  0.965963
21404.000  0.931075
21406.000  0.916174
21408.000  0.954305
21410.000  0.977223
21412.000  0.930664
21414.000  0.918999
21416.000  0.921666
21418.000  0.92287
21420.000  0.936031
21422.000  0.967567
21424.000  0.956177
21426.000  0.936464
21428.000  0.941908
21430.000  0.967989
21432.000  0.961705
21434.000  0.939682
21436.000  0.920382
21438.000  0.921322
21440.000  0.933241
21442.000  0.956682
21444.000  0.961553
21446.000  0.969711
21448.000  0.937971
21450.000  0.909366
21452.000  0.852705
21454.000  0.868985
21456.000  0.900401
21458.000  0.915607
21460.000  0.908254
21462.000  0.937336
21464.000  0.912616
21466.000  0.938515
21468.000  0.949586
21470.000  0.941879
21472.000  0.922791
21474.000  0.943565
21476.000  0.953871
21478.000  0.945981
21480.000  0.948451
21482.000  0.947603
21484.000  0.858647
21486.000  0.828775
21488.000  0.877213
21490.000  0.932547
21492.000  0.960944
21494.000  0.968702
21496.000  0.972904
21498.000  0.957575
21500.000  0.964503
21502.000  0.960627
21504.000  0.967746
21506.000  0.95738
21508.000  0.945573
21510.000  0.938776
21512.000  0.951242
21514.000  0.925854
21516.000  0.903613
21518.000  0.941588
21520.000  0.925844
21522.000  0.891698
21524.000  0.909214
21526.000  0.921926
21528.000  0.930071
21530.000  0.957338
21532.000  0.949967
21534.000  0.919796
21536.000  0.913768
21538.000  0.921003
21540.000  0.904751
21542.000  0.904011
21544.000  0.902707
21546.000  0.967661
21548.000  0.95627
21550.000  0.952648
21552.000  0.963387
21554.000  0.980366
21556.000  0.942746
21558.000  0.929449
21560.000  0.951998
21562.000  0.936427
21564.000  0.861668
21566.000  0.920842
21568.000  0.980461
21570.000  0.969856
21572.000  0.953565
21574.000  0.925345
21576.000  0.9262
21578.000  0.934557
21580.000  0.94584
21582.000  0.928133
21584.000  0.931565
21586.000  0.896555
21588.000  0.938571
21590.000  0.948415
21592.000  0.924744
21594.000  0.881877
21596.000  0.906177
21598.000  0.92061
21600.000  0.954631
21602.000  0.94342
21604.000  0.945964
21606.000  0.939929
21608.000  0.954069
21610.000  0.975234
21612.000  0.953837
21614.000  0.927432
21616.000  0.953942
21618.000  0.967679
21620.000  0.964022
21622.000  0.936018
21624.000  0.974737
21626.000  0.974758
21628.000  0.919578
21630.000  0.920237
21632.000  0.950759
21634.000  0.901315
21636.000  0.913431
21638.000  0.904451
21640.000  0.879809
21642.000  0.93627
21644.000  0.924028
21646.000  0.915906
21648.000  0.901138
21650.000  0.9125
21652.000  0.912776
21654.000  0.882643
21656.000  0.884265
21658.000  0.89636
21660.000  0.903686
21662.000  0.93436
21664.000  0.955864
21666.000  0.930003
21668.000  0.887439
21670.000  0.885267
21672.000  0.906743
21674.000  0.912762
21676.000  0.936525
21678.000  0.948564
21680.000  0.962849
21682.000  0.968321
21684.000  0.974279
21686.000  0.959007
21688.000  0.969816
21690.000  0.960555
21692.000  0.950023
21694.000  0.947501
21696.000  0.945829
21698.000  0.935803
21700.000  0.95428
21702.000  0.929417
21704.000  0.894298
21706.000  0.884911
21708.000  0.877442
21710.000  0.954424
21712.000  0.977447
21714.000  0.907851
21716.000  0.920952
21718.000  0.941064
21720.000  0.968946
21722.000  0.957333
21724.000  0.923343
21726.000  0.925413
21728.000  0.929965
21730.000  0.740571
21732.000  0.875452
21734.000  0.946078
21736.000  0.933426
21738.000  0.959566
21740.000  0.953373
21742.000  0.948424
21744.000  0.959866
21746.000  0.958854
21748.000  0.951995
21750.000  0.928934
21752.000  0.963661
21754.000  0.93919
21756.000  0.91586
21758.000  0.907763
21760.000  0.848201
21762.000  0.891034
21764.000  0.957276
21766.000  0.912207
21768.000  0.874466
21770.000  0.916762
21772.000  0.937646
21774.000  0.94169
21776.000  0.95847
21778.000  0.946531
21780.000  0.853488
21782.000  0.839942
21784.000  0.903106
21786.000  0.953439
21788.000  0.925729
21790.000  0.946123
21792.000  0.963656
21794.000  0.894024
21796.000  0.937347
21798.000  0.980301
21800.000  0.974788
21802.000  0.952096
21804.000  0.939475
21806.000  0.924655
21808.000  0.945003
21810.000  0.91895
21812.000  0.818699
21814.000  0.903944
21816.000  0.847316
21818.000  0.864854
21820.000  0.863737
21822.000  0.940334
21824.000  0.944591
21826.000  0.927994
21828.000  0.960082
21830.000  0.976759
21832.000  0.956464
21834.000  0.92447
21836.000  0.930747
21838.000  0.92852
21840.000  0.908935
21842.000  0.883198
21844.000  0.927787
21846.000  0.957336
21848.000  0.934656
21850.000  0.967568
21852.000  0.945605
21854.000  0.922348
21856.000  0.943168
21858.000  0.956443
21860.000  0.974227
21862.000  0.926743
21864.000  0.913057
21866.000  0.934317
21868.000  0.970209
21870.000  0.953694
21872.000  0.942813
21874.000  0.935898
21876.000  0.940916
21878.000  0.873576
21880.000  0.863035
21882.000  0.959294
21884.000  0.955538
21886.000  0.971628
21888.000  0.982058
21890.000  0.947777
21892.000  0.947763
21894.000  0.909724
21896.000  0.867015
21898.000  0.893374
21900.000  0.952046
21902.000  0.948561
21904.000  0.932418
21906.000  0.910177
21908.000  0.941624
21910.000  0.94578
21912.000  0.981285
21914.000  0.967844
21916.000  0.956613
21918.000  0.948987
21920.000  0.956009
21922.000  0.962788
21924.000  0.932238
21926.000  0.92414
21928.000  0.950893
21930.000  0.969099
21932.000  0.946407
21934.000  0.920361
21936.000  0.922418
21938.000  0.94991
21940.000  0.926334
21942.000  0.912405
21944.000  0.955993
21946.000  0.93043
21948.000  0.933798
21950.000  0.947172
21952.000  0.967194
21954.000  0.925309
21956.000  0.945214
21958.000  0.981686
21960.000  0.962221
21962.000  0.944592
21964.000  0.946133
21966.000  0.95436
21968.000  0.9522
21970.000  0.917992
21972.000  0.926339
21974.000  0.935036
21976.000  0.945786
21978.000  0.949264
21980.000  0.937141
21982.000  0.923685
21984.000  0.964682
21986.000  0.95471
21988.000  0.940655
21990.000  0.959243
21992.000  0.96095
21994.000  0.966523
21996.000  0.937654
21998.000  0.959401
22000.000  0.958005
22002.000  0.93368
22004.000  0.860348
22006.000  0.919168
22008.000  0.948554
22010.000  0.947039
22012.000  0.91978
22014.000  0.919939
22016.000  0.948747
22018.000  0.957207
22020.000  0.94192
22022.000  0.940012
22024.000  0.909855
22026.000  0.941144
22028.000  0.943293
22030.000  0.936404
22032.000  0.951343
22034.000  0.978747
22036.000  0.992176
22038.000  0.993624
22040.000  0.966129
22042.000  0.938987
22044.000  0.925636
22046.000  0.948604
22048.000  0.956456
22050.000  0.828314
22052.000  0.589277
22054.000  0.824601
22056.000  0.812039
22058.000  0.883447
22060.000  0.914591
22062.000  0.850289
22064.000  0.700269
22066.000  0.699708
22068.000  0.87655
22070.000  0.943976
22072.000  0.926593
22074.000  0.927305
22076.000  0.940817
22078.000  0.938424
22080.000  0.939956
22082.000  0.900508
22084.000  0.818958
22086.000  0.932678
22088.000  0.928525
22090.000  0.914018
22092.000  0.912689
22094.000  0.954814
22096.000  0.955865
22098.000  0.943067
22100.000  0.919031
22102.000  0.940776
22104.000  0.947111
22106.000  0.945483
22108.000  0.987622
22110.000  0.982284
22112.000  0.930646
22114.000  0.951014
22116.000  0.969612
22118.000  0.942289
22120.000  0.94319
22122.000  0.947569
22124.000  0.967351
22126.000  0.934328
22128.000  0.948437
22130.000  0.966582
22132.000  0.970399
22134.000  0.950068
22136.000  0.923283
22138.000  0.92654
22140.000  0.96274
22142.000  0.959635
22144.000  0.948903
22146.000  0.916214
22148.000  0.94413
22150.000  0.945084
22152.000  0.938754
22154.000  0.95282
22156.000  0.924595
22158.000  0.910601
22160.000  0.942983
22162.000  0.967407
22164.000  0.97549
22166.000  0.968246
22168.000  0.97179
22170.000  0.975916
22172.000  0.961657
22174.000  0.978043
22176.000  0.952003
22178.000  0.910072
22180.000  0.954886
22182.000  0.982036
22184.000  0.984492
22186.000  0.97145
22188.000  0.95769
22190.000  0.968868
22192.000  0.952611
22194.000  0.92663
22196.000  0.954947
22198.000  0.941384
22200.000  0.953636
22202.000  0.940807
22204.000  0.941939
22206.000  0.857
22208.000  0.847181
22210.000  0.881628
22212.000  0.917821
22214.000  0.954123
22216.000  0.925855
22218.000  0.920947
22220.000  0.941074
22222.000  0.982316
22224.000  0.997895
22226.000  0.985788
22228.000  0.939035
22230.000  0.941945
22232.000  0.910022
22234.000  0.896948
22236.000  0.92619
22238.000  0.952297
22240.000  0.96736
22242.000  0.952687
22244.000  0.93044
22246.000  0.948904
22248.000  0.960842
22250.000  0.971483
22252.000  0.941865
22254.000  0.945885
22256.000  0.937013
22258.000  0.925037
22260.000  0.925285
22262.000  0.93396
22264.000  0.926161
22266.000  0.868291
22268.000  0.89249
22270.000  0.94861
22272.000  0.957383
22274.000  0.886398
22276.000  0.902893
22278.000  0.868655
22280.000  0.922576
22282.000  0.956185
22284.000  0.974366
22286.000  0.971032
22288.000  0.950665
22290.000  0.953142
22292.000  0.953677
22294.000  0.922684
22296.000  0.896743
22298.000  0.86229
22300.000  0.925179
22302.000  0.939041
22304.000  0.970753
22306.000  0.968191
22308.000  0.906502
22310.000  0.839874
22312.000  0.909081
22314.000  0.969092
22316.000  0.942519
22318.000  0.957389
22320.000  0.976626
22322.000  0.973212
22324.000  0.972698
22326.000  0.97773
22328.000  0.99407
22330.000  0.984596
22332.000  0.971688
22334.000  0.961084
22336.000  0.952966
22338.000  0.955611
22340.000  0.928303
22342.000  0.926832
22344.000  0.966554
22346.000  0.941771
22348.000  0.925505
22350.000  0.952812
22352.000  0.955677
22354.000  0.950191
22356.000  0.954609
22358.000  0.944532
22360.000  0.928877
22362.000  0.965201
22364.000  0.977086
22366.000  0.958213
22368.000  0.945117
22370.000  0.952629
22372.000  0.943998
22374.000  0.938905
22376.000  0.92889
22378.000  0.930897
22380.000  0.908263
22382.000  0.933758
22384.000  0.944994
22386.000  0.943945
22388.000  0.928015
22390.000  0.828012
22392.000  0.868736
22394.000  0.773934
22396.000  0.877309
22398.000  0.950284
22400.000  0.938115
22402.000  0.954433
22404.000  0.93699
22406.000  0.953165
22408.000  0.957947
22410.000  0.967575
22412.000  0.974033
22414.000  0.93743
22416.000  0.937482
22418.000  0.947379
22420.000  0.914752
22422.000  0.934264
22424.000  0.927872
22426.000  0.930853
22428.000  0.945159
22430.000  0.948517
22432.000  0.948151
22434.000  0.96293
22436.000  0.956569
22438.000  0.954253
22440.000  0.950963
22442.000  0.912769
22444.000  0.893101
22446.000  0.971633
22448.000  0.994579
22450.000  0.978756
22452.000  0.964212
22454.000  0.950949
22456.000  0.936224
22458.000  0.961567
22460.000  0.947822
22462.000  0.932188
22464.000  0.948948
22466.000  0.979744
22468.000  0.944307
22470.000  0.939968
22472.000  0.908324
22474.000  0.895805
22476.000  0.951313
22478.000  0.919819
22480.000  0.936137
22482.000  0.973725
22484.000  0.937283
22486.000  0.966832
22488.000  0.934648
22490.000  0.950119
22492.000  0.949622
22494.000  0.937161
22496.000  0.971748
22498.000  0.968181
22500.000  0.971781
22502.000  0.947865
22504.000  0.941224
22506.000  0.945635
22508.000  0.937578
22510.000  0.963116
22512.000  0.968522
22514.000  0.939497
22516.000  0.950464
22518.000  0.950916
22520.000  0.96787
22522.000  0.948878
22524.000  0.961815
22526.000  0.956421
22528.000  0.978288
22530.000  0.994199
22532.000  0.975681
22534.000  0.924855
22536.000  0.881904
22538.000  0.874575
22540.000  0.946127
22542.000  0.938806
22544.000  0.889383
22546.000  0.944168
22548.000  0.949571
22550.000  0.966542
22552.000  0.930022
22554.000  0.952895
22556.000  0.952223
22558.000  0.968646
22560.000  0.96732
22562.000  0.968286
22564.000  0.936066
22566.000  0.958165
22568.000  0.958984
22570.000  0.934259
22572.000  0.951257
22574.000  0.950924
22576.000  0.962513
22578.000  0.972416
22580.000  0.96017
22582.000  0.963465
22584.000  0.965789
22586.000  0.952928
22588.000  0.969151
22590.000  0.971307
22592.000  0.943222
22594.000  0.94086
22596.000  0.94989
22598.000  0.950502
22600.000  0.971283
22602.000  0.987875
22604.000  0.97315
22606.000  0.948477
22608.000  0.867105
22610.000  0.860761
22612.000  0.895092
22614.000  0.945207
22616.000  0.938407
22618.000  0.926814
22620.000  0.849925
22622.000  0.907561
22624.000  0.912322
22626.000  0.870066
22628.000  0.924573
22630.000  0.942326
22632.000  0.89509
22634.000  0.91838
22636.000  0.786853
22638.000  0.796271
22640.000  0.954637
22642.000  0.967751
22644.000  0.958809
22646.000  0.963558
22648.000  0.974617
22650.000  0.926286
22652.000  0.88959
22654.000  0.91078
22656.000  0.768336
22658.000  0.801209
22660.000  0.942884
22662.000  0.973366
22664.000  0.965733
22666.000  0.946263
22668.000  0.955063
22670.000  0.976818
22672.000  0.961529
22674.000  0.957053
22676.000  0.948037
22678.000  0.952124
22680.000  0.93761
22682.000  0.932031
22684.000  0.934547
22686.000  0.945793
22688.000  0.971986
22690.000  0.958776
22692.000  0.929469
22694.000  0.978515
22696.000  0.952839
22698.000  0.948896
22700.000  0.927976
22702.000  0.931926
22704.000  0.970309
22706.000  0.980588
22708.000  0.958197
22710.000  0.981877
22712.000  0.960832
22714.000  0.946666
22716.000  0.970704
22718.000  0.95761
22720.000  0.97107
22722.000  0.989609
22724.000  0.983694
22726.000  0.964118
22728.000  0.950357
22730.000  0.951361
22732.000  0.972028
22734.000  0.967852
22736.000  0.965569
22738.000  0.976519
22740.000  0.917066
22742.000  0.956042
22744.000  0.971172
22746.000  0.977209
22748.000  0.935267
22750.000  0.937372
22752.000  0.941488
22754.000  0.939543
22756.000  0.982395
22758.000  0.949865
22760.000  0.916907
22762.000  0.931217
22764.000  0.972423
22766.000  0.98667
22768.000  0.997396
22770.000  0.99573
22772.000  0.974643
22774.000  0.95231
22776.000  0.952622
22778.000  0.976428
22780.000  0.988159
22782.000  0.959173
22784.000  0.940768
22786.000  0.964259
22788.000  0.976211
22790.000  0.950272
22792.000  0.945356
22794.000  0.97213
22796.000  0.968658
22798.000  0.970756
22800.000  0.970901
22802.000  0.974237
22804.000  0.948182
22806.000  0.888589
22808.000  0.78201
22810.000  0.923233
22812.000  0.962065
22814.000  0.977576
22816.000  0.97095
22818.000  0.926986
22820.000  0.888794
22822.000  0.911505
22824.000  0.940897
22826.000  0.945243
22828.000  0.953307
22830.000  0.971046
22832.000  0.931159
22834.000  0.952091
22836.000  0.970763
22838.000  0.977349
22840.000  0.96442
22842.000  0.953116
22844.000  0.963161
22846.000  0.912034
22848.000  0.955741
22850.000  0.950831
22852.000  0.961262
22854.000  0.975072
22856.000  0.951475
22858.000  0.932367
22860.000  0.972143
22862.000  0.972235
22864.000  0.962188
22866.000  0.987599
22868.000  0.960724
22870.000  0.942404
22872.000  0.942401
22874.000  0.973601
22876.000  0.982766
22878.000  0.980391
22880.000  0.953611
22882.000  0.956563
22884.000  0.958282
22886.000  0.978939
22888.000  0.974627
22890.000  0.93931
22892.000  0.952205
22894.000  0.96582
22896.000  0.955412
22898.000  0.947636
22900.000  0.937996
22902.000  0.964227
22904.000  0.973537
22906.000  0.938192
22908.000  0.948285
22910.000  0.976297
22912.000  0.968064
22914.000  0.937267
22916.000  0.942298
22918.000  0.972669
22920.000  0.978878
22922.000  0.97219
22924.000  0.962334
22926.000  0.935578
22928.000  0.729596
22930.000  0.478677
22932.000  0.515924
22934.000  0.576873
22936.000  0.619239
22938.000  0.662724
22940.000  0.673508
22942.000  0.709406
22944.000  0.699118
22946.000  0.767331
22948.000  0.713456
22950.000  0.771693
22952.000  0.714007
22954.000  0.823564
22956.000  0.697462
22958.000  0.84985
22960.000  0.751464
22962.000  0.718388
22964.000  0.786392
22966.000  0.68469
22968.000  0.854944
22970.000  0.867925
22972.000  0.70345
22974.000  0.88268
22976.000  0.897829
22978.000  0.69979
22980.000  0.845449
22982.000  0.919798
22984.000  0.677049
22986.000  0.508236
22988.000  0.822439
22990.000  0.859212
22992.000  0.731327
22994.000  0.917299
22996.000  0.936602
22998.000  0.763852
23000.000  0.78439
23002.000  0.964233
23004.000  0.957922
23006.000  0.783043
23008.000  0.832907
23010.000  0.96599
23012.000  0.961625
23014.000  0.826739
23016.000  0.8186
23018.000  0.967556
23020.000  0.961244
23022.000  0.872911
23024.000  0.793453
23026.000  0.919221
23028.000  0.945404
23030.000  0.927453
23032.000  0.761164
23034.000  0.844837
23036.000  0.927962
23038.000  0.915367
23040.000  0.878268
23042.000  0.733129
23044.000  0.888322
23046.000  0.934294
23048.000  0.942819
23050.000  0.839545
23052.000  0.729334
23054.000  0.900475
23056.000  0.95659
23058.000  0.948531
23060.000  0.882197
23062.000  0.749063
23064.000  0.887295
23066.000  0.941411
23068.000  0.955971
23070.000  0.936408
23072.000  0.777002
23074.000  0.818513
23076.000  0.918751
23078.000  0.932309
23080.000  0.945662
23082.000  0.847605
23084.000  0.78542
23086.000  0.883093
23088.000  0.958731
23090.000  0.95276
23092.000  0.897807
23094.000  0.783046
23096.000  0.83924
23098.000  0.901667
23100.000  0.970827
23102.000  0.965106
23104.000  0.925357
23106.000  0.79954
23108.000  0.859775
23110.000  0.885204
23112.000  0.951641
23114.000  0.975304
23116.000  0.949873
23118.000  0.777387
23120.000  0.753514
23122.000  0.85478
23124.000  0.948611
23126.000  0.966633
23128.000  0.92663
23130.000  0.805434
23132.000  0.849413
23134.000  0.905572
23136.000  0.899077
23138.000  0.960635
23140.000  0.967801
23142.000  0.898148
23144.000  0.771909
23146.000  0.916294
23148.000  0.907114
23150.000  0.906868
23152.000  0.96226
23154.000  0.955572
23156.000  0.841577
23158.000  0.837207
23160.000  0.939663
23162.000  0.902233
23164.000  0.858032
23166.000  0.939104
23168.000  0.948325
23170.000  0.827009
23172.000  0.836725
23174.000  0.918754
23176.000  0.917845
23178.000  0.883867
23180.000  0.946562
23182.000  0.935163
23184.000  0.85806
23186.000  0.849717
23188.000  0.894465
23190.000  0.838144
23192.000  0.839171
23194.000  0.912983
23196.000  0.96993
23198.000  0.903069
23200.000  0.823862
23202.000  0.941082
23204.000  0.946741
23206.000  0.958689
23208.000  0.899657
23210.000  0.944763
23212.000  0.934947
23214.000  0.806265
23216.000  0.868407
23218.000  0.881815
23220.000  0.596997
23222.000  0.443757
23224.000  0.508954
23226.000  0.563187
23228.000  0.593035
23230.000  0.600041
23232.000  0.654802
23234.000  0.655823
23236.000  0.699181
23238.000  0.70905
23240.000  0.734927
23242.000  0.709485
23244.000  0.744222
23246.000  0.62862
23248.000  0.806371
23250.000  0.697973
23252.000  0.766845
23254.000  0.759643
23256.000  0.658539
23258.000  0.7982
23260.000  0.775392
23262.000  0.701988
23264.000  0.897801
23266.000  0.811977
23268.000  0.72233
23270.000  0.892278
23272.000  0.859149
23274.000  0.704729
23276.000  0.819197
23278.000  0.782318
23280.000  0.682788
23282.000  0.762828
23284.000  0.93243
23286.000  0.886842
23288.000  0.714619
23290.000  0.828923
23292.000  0.889995
23294.000  0.818908
23296.000  0.645642
23298.000  0.832236
23300.000  0.942719
23302.000  0.877591
23304.000  0.698874
23306.000  0.827555
23308.000  0.903009
23310.000  0.877441
23312.000  0.696526
23314.000  0.752948
23316.000  0.92848
23318.000  0.941578
23320.000  0.872208
23322.000  0.713437
23324.000  0.895825
23326.000  0.956388
23328.000  0.895037
23330.000  0.720324
23332.000  0.699602
23334.000  0.892217
23336.000  0.952512
23338.000  0.941992
23340.000  0.818752
23342.000  0.790335
23344.000  0.934105
23346.000  0.93419
23348.000  0.774396
23350.000  0.716998
23352.000  0.765149
23354.000  0.93931
23356.000  0.975399
23358.000  0.973019
23360.000  0.902789
23362.000  0.724471
23364.000  0.860152
23366.000  0.904965
23368.000  0.808691
23370.000  0.909215
23372.000  0.810767
23374.000  0.742272
23376.000  0.915034
23378.000  0.85866
23380.000  0.853319
23382.000  0.916571
23384.000  0.75013
23386.000  0.711067
23388.000  0.850881
23390.000  0.926279
23392.000  0.956257
23394.000  0.928977
23396.000  0.772033
23398.000  0.789425
23400.000  0.929998
23402.000  0.92901
23404.000  0.705731
23406.000  0.668472
23408.000  0.727814
23410.000  0.768968
23412.000  0.885162
23414.000  0.963111
23416.000  0.960241
23418.000  0.948101
23420.000  0.841725
23422.000  0.813113
23424.000  0.873378
23426.000  0.857466
23428.000  0.929807
23430.000  0.944039
23432.000  0.897005
23434.000  0.778565
23436.000  0.867701
23438.000  0.879829
23440.000  0.907727
23442.000  0.899655
23444.000  0.94294
23446.000  0.840317
23448.000  0.749194
23450.000  0.862045
23452.000  0.8505
23454.000  0.919226
23456.000  0.968228
23458.000  0.94166
23460.000  0.852601
23462.000  0.787618
23464.000  0.924468
23466.000  0.895534
23468.000  0.896471
23470.000  0.940303
23472.000  0.876919
23474.000  0.836823
23476.000  0.764008
23478.000  0.909501
23480.000  0.942033
23482.000  0.886118
23484.000  0.938216
23486.000  0.952068
23488.000  0.889934
23490.000  0.785495
23492.000  0.856584
23494.000  0.942817
23496.000  0.935157
23498.000  0.861953
23500.000  0.924087
23502.000  0.958594
23504.000  0.884413
23506.000  0.79126
23508.000  0.916307
23510.000  0.869658
23512.000  0.897715
23514.000  0.885269
23516.000  0.868551
23518.000  0.599336
23520.000  0.432168
23522.000  0.478568
23524.000  0.570403
23526.000  0.610068
23528.000  0.630653
23530.000  0.61216
23532.000  0.614866
23534.000  0.664826
23536.000  0.671544
23538.000  0.616705
23540.000  0.753953
23542.000  0.723049
23544.000  0.779507
23546.000  0.735604
23548.000  0.765973
23550.000  0.803068
23552.000  0.688356
23554.000  0.608171
23556.000  0.704992
23558.000  0.747781
23560.000  0.869602
23562.000  0.806203
23564.000  0.709542
23566.000  0.794777
23568.000  0.793979
23570.000  0.69673
23572.000  0.782387
23574.000  0.863547
23576.000  0.762689
23578.000  0.756272
23580.000  0.911759
23582.000  0.861244
23584.000  0.744638
23586.000  0.785379
23588.000  0.78844
23590.000  0.802123
23592.000  0.730878
23594.000  0.822568
23596.000  0.885492
23598.000  0.773506
23600.000  0.692569
23602.000  0.775619
23604.000  0.885049
23606.000  0.771828
23608.000  0.734959
23610.000  0.789242
23612.000  0.950264
23614.000  0.966973
23616.000  0.850678
23618.000  0.72083
23620.000  0.80697
23622.000  0.8634
23624.000  0.713413
23626.000  0.687886
23628.000  0.746342
23630.000  0.934081
23632.000  0.977388
23634.000  0.956737
23636.000  0.801524
23638.000  0.732194
23640.000  0.833999
23642.000  0.819454
23644.000  0.909678
23646.000  0.815437
23648.000  0.641391
23650.000  0.815789
23652.000  0.942497
23654.000  0.959699
23656.000  0.913076
23658.000  0.717703
23660.000  0.719938
23662.000  0.833311
23664.000  0.942646
23666.000  0.959151
23668.000  0.873079
23670.000  0.776441
23672.000  0.862501
23674.000  0.829349
23676.000  0.945529
23678.000  0.955124
23680.000  0.775793
23682.000  0.751476
23684.000  0.899633
23686.000  0.963064
23688.000  0.969131
23690.000  0.933477
23692.000  0.793982
23694.000  0.727212
23696.000  0.901718
23698.000  0.837948
23700.000  0.75558
23702.000  0.863993
23704.000  0.855843
23706.000  0.730249
23708.000  0.907398
23710.000  0.985507
23712.000  0.979751
23714.000  0.970917
23716.000  0.935743
23718.000  0.72811
23720.000  0.692339
23722.000  0.830586
23724.000  0.769424
23726.000  0.898027
23728.000  0.957665
23730.000  0.871037
23732.000  0.766814
23734.000  0.8079
23736.000  0.761929
23738.000  0.795458
23740.000  0.86533
23742.000  0.872174
23744.000  0.832888
23746.000  0.796673
23748.000  0.834414
23750.000  0.793288
23752.000  0.91293
23754.000  0.96625
23756.000  0.951878
23758.000  0.858376
23760.000  0.821419
23762.000  0.885564
23764.000  0.915469
23766.000  0.948545
23768.000  0.923958
23770.000  0.957229
23772.000  0.902705
23774.000  0.787915
23776.000  0.75331
23778.000  0.713507
23780.000  0.907241
23782.000  0.945466
23784.000  0.859851
23786.000  0.909516
23788.000  0.81857
23790.000  0.850099
23792.000  0.902601
23794.000  0.89527
23796.000  0.948265
23798.000  0.973591
23800.000  0.964834
23802.000  0.852987
23804.000  0.696125
23806.000  0.803469
23808.000  0.830617
23810.000  0.768466
23812.000  0.939345
23814.000  0.932105
23816.000  0.935429
23818.000  0.871348
23820.000  0.784344
23822.000  0.726655
23824.000  0.487329
23826.000  0.499107
23828.000  0.511235
23830.000  0.526168
23832.000  0.602421
23834.000  0.655964
23836.000  0.61399
23838.000  0.661122
23840.000  0.709405
23842.000  0.717802
23844.000  0.714946
23846.000  0.737974
23848.000  0.767739
23850.000  0.689487
23852.000  0.611361
23854.000  0.717372
23856.000  0.765383
23858.000  0.714465
23860.000  0.715028
23862.000  0.76045
23864.000  0.790177
23866.000  0.796581
23868.000  0.742556
23870.000  0.72811
23872.000  0.792294
23874.000  0.716201
23876.000  0.842259
23878.000  0.830953
23880.000  0.750446
23882.000  0.844458
23884.000  0.873748
23886.000  0.658282
23888.000  0.633513
23890.000  0.867602
23892.000  0.85383
23894.000  0.812707
23896.000  0.777423
23898.000  0.766944
23900.000  0.814834
23902.000  0.819913
23904.000  0.708407
23906.000  0.822649
23908.000  0.917185
23910.000  0.845646
23912.000  0.789305
23914.000  0.7749
23916.000  0.80563
23918.000  0.812457
23920.000  0.783605
23922.000  0.635825
23924.000  0.729025
23926.000  0.902456
23928.000  0.863852
23930.000  0.790237
23932.000  0.846199
23934.000  0.949945
23936.000  0.932608
23938.000  0.804891
23940.000  0.737772
23942.000  0.70299
23944.000  0.764741
23946.000  0.796222
23948.000  0.795591
23950.000  0.779198
23952.000  0.81026
23954.000  0.921802
23956.000  0.948302
23958.000  0.892047
23960.000  0.773488
23962.000  0.720889
23964.000  0.918963
23966.000  0.97184
23968.000  0.942891
23970.000  0.874044
23972.000  0.63107
23974.000  0.666608
23976.000  0.917122
23978.000  0.924168
23980.000  0.844998
23982.000  0.81291
23984.000  0.739601
23986.000  0.852147
23988.000  0.958774
23990.000  0.943105
23992.000  0.950357
23994.000  0.90195
23996.000  0.6917
23998.000  0.691853
