15000.000  0.865608
15002.000  0.762066
15004.000  0.795198
15006.000  0.809925
15008.000  0.816906
15010.000  0.820183
15012.000  0.765738
15014.000  0.886653
15016.000  0.858859
15018.000  0.833332
15020.000  0.743259
15022.000  0.724125
15024.000  0.615407
15026.000  0.643324
15028.000  0.772395
15030.000  0.765155
15032.000  0.825412
15034.000  0.788062
15036.000  0.840867
15038.000  0.810818
15040.000  0.626247
15042.000  0.781325
15044.000  0.867413
15046.000  0.795408
15048.000  0.643082
15050.000  0.635423
15052.000  0.685529
15054.000  0.780894
15056.000  0.791285
15058.000  0.775824
15060.000  0.793232
15062.000  0.749255
15064.000  0.808266
15066.000  0.88525
15068.000  0.817541
15070.000  0.805511
15072.000  0.832952
15074.000  0.780706
15076.000  0.751258
15078.000  0.719542
15080.000  0.74541
15082.000  0.811815
15084.000  0.733127
15086.000  0.799341
15088.000  0.776407
15090.000  0.745122
15092.000  0.821928
15094.000  0.865009
15096.000  0.846453
15098.000  0.73657
15100.000  0.772081
15102.000  0.83626
15104.000  0.847286
15106.000  0.824721
15108.000  0.808446
15110.000  0.781556
15112.000  0.7558
15114.000  0.776737
15116.000  0.710726
15118.000  0.658018
15120.000  0.799456
15122.000  0.761915
15124.000  0.881504
15126.000  0.900441
15128.000  0.765393
15130.000  0.653048
15132.000  0.744708
15134.000  0.815842
15136.000  0.838151
15138.000  0.801605
15140.000  0.77974
15142.000  0.788312
15144.000  0.740378
15146.000  0.709916
15148.000  0.753224
15150.000  0.840815
15152.000  0.866832
15154.000  0.798706
15156.000  0.828122
15158.000  0.572365
15160.000  0.801546
15162.000  0.782411
15164.000  0.730052
15166.000  0.809224
15168.000  0.79239
15170.000  0.779151
15172.000  0.794375
15174.000  0.793778
15176.000  0.835084
15178.000  0.752251
15180.000  0.697672
15182.000  0.810025
15184.000  0.830933
15186.000  0.796488
15188.000  0.802747
15190.000  0.845115
15192.000  0.817648
15194.000  0.732352
15196.000  0.796595
15198.000  0.813168
15200.000  0.754666
15202.000  0.880961
15204.000  0.854604
15206.000  0.805856
15208.000  0.730356
15210.000  0.742203
15212.000  0.748152
15214.000  0.812158
15216.000  0.789829
15218.000  0.577136
15220.000  0.741666
15222.000  0.787966
15224.000  0.823877
15226.000  0.828025
15228.000  0.776748
15230.000  0.866839
15232.000  0.848827
15234.000  0.887132
15236.000  0.791968
15238.000  0.798275
15240.000  0.859592
15242.000  0.729828
15244.000  0.685399
15246.000  0.752802
15248.000  0.831919
15250.000  0.860122
15252.000  0.767735
15254.000  0.774445
15256.000  0.830395
15258.000  0.845282
15260.000  0.823564
15262.000  0.632844
15264.000  0.670791
15266.000  0.761311
15268.000  0.830283
15270.000  0.870461
15272.000  0.83377
15274.000  0.927755
15276.000  0.778528
15278.000  0.710399
15280.000  0.720164
15282.000  0.752342
15284.000  0.727959
15286.000  0.748255
15288.000  0.83817
15290.000  0.851991
15292.000  0.810719
15294.000  0.736596
15296.000  0.79273
15298.000  0.807479
15300.000  0.845309
15302.000  0.881925
15304.000  0.914917
15306.000  0.860097
15308.000  0.801329
15310.000  0.814466
15312.000  0.831964
15314.000  0.815773
15316.000  0.8175
15318.000  0.738502
15320.000  0.807732
15322.000  0.827576
15324.000  0.842903
15326.000  0.903906
15328.000  0.761864
15330.000  0.847016
15332.000  0.874084
15334.000  0.764185
15336.000  0.738821
15338.000  0.842329
15340.000  0.873179
15342.000  0.75841
15344.000  0.729852
15346.000  0.78606
15348.000  0.895132
15350.000  0.908969
15352.000  0.835549
15354.000  0.777144
15356.000  0.789312
15358.000  0.737946
15360.000  0.768954
15362.000  0.885233
15364.000  0.854658
15366.000  0.937791
15368.000  0.873475
15370.000  0.80083
15372.000  0.750742
15374.000  0.768846
15376.000  0.763787
15378.000  0.769289
15380.000  0.764867
15382.000  0.717189
15384.000  0.75806
15386.000  0.79401
15388.000  0.756947
15390.000  0.805554
15392.000  0.74657
15394.000  0.783969
15396.000  0.755756
15398.000  0.863498
15400.000  0.778427
15402.000  0.781041
15404.000  0.810663
15406.000  0.811025
15408.000  0.747303
15410.000  0.852882
15412.000  0.86804
15414.000  0.871845
15416.000  0.808456
15418.000  0.747209
15420.000  0.709668
15422.000  0.737027
15424.000  0.802283
15426.000  0.725264
15428.000  0.731955
15430.000  0.767564
15432.000  0.788009
15434.000  0.724873
15436.000  0.787757
15438.000  0.84403
15440.000  0.869585
15442.000  0.902598
15444.000  0.922021
15446.000  0.903878
15448.000  0.92872
15450.000  0.861989
15452.000  0.81913
15454.000  0.835345
15456.000  0.784252
15458.000  0.768166
15460.000  0.785044
15462.000  0.819678
15464.000  0.820177
15466.000  0.861133
15468.000  0.875684
15470.000  0.785586
15472.000  0.785812
15474.000  0.766492
15476.000  0.798907
15478.000  0.869717
15480.000  0.887252
15482.000  0.828509
15484.000  0.814607
15486.000  0.908873
15488.000  0.862588
15490.000  0.783811
15492.000  0.833915
15494.000  0.823638
15496.000  0.739262
15498.000  0.780994
15500.000  0.78641
15502.000  0.834472
15504.000  0.849107
15506.000  0.785494
15508.000  0.861998
15510.000  0.898205
15512.000  0.762033
15514.000  0.703187
15516.000  0.877202
15518.000  0.847307
15520.000  0.885335
15522.000  0.917215
15524.000  0.891894
15526.000  0.949217
15528.000  0.877484
15530.000  0.821594
15532.000  0.733189
15534.000  0.658377
15536.000  0.706537
15538.000  0.802461
15540.000  0.84279
15542.000  0.750613
15544.000  0.721894
15546.000  0.868534
15548.000  0.889342
15550.000  0.86948
15552.000  0.756952
15554.000  0.720697
15556.000  0.708429
15558.000  0.72216
15560.000  0.782501
15562.000  0.884501
15564.000  0.843592
15566.000  0.863884
15568.000  0.834842
15570.000  0.824472
15572.000  0.805756
15574.000  0.839148
15576.000  0.711848
15578.000  0.662212
15580.000  0.654212
15582.000  0.739397
15584.000  0.757491
15586.000  0.803155
15588.000  0.777501
15590.000  0.834361
15592.000  0.810598
15594.000  0.738663
15596.000  0.74641
15598.000  0.781798
15600.000  0.808288
15602.000  0.799664
15604.000  0.845776
15606.000  0.826242
15608.000  0.809499
15610.000  0.859932
15612.000  0.80223
15614.000  0.839033
15616.000  0.786939
15618.000  0.782541
15620.000  0.819253
15622.000  0.760174
15624.000  0.835725
15626.000  0.818077
15628.000  0.782227
15630.000  0.832097
15632.000  0.705826
15634.000  0.82233
15636.000  0.771459
15638.000  0.707554
15640.000  0.773809
15642.000  0.823657
15644.000  0.813655
15646.000  0.875901
15648.000  0.829403
15650.000  0.826384
15652.000  0.836583
15654.000  0.793578
15656.000  0.841279
15658.000  0.825317
15660.000  0.757215
15662.000  0.79601
15664.000  0.88878
15666.000  0.81704
15668.000  0.810074
15670.000  0.946993
15672.000  0.788703
15674.000  0.699528
15676.000  0.823994
15678.000  0.815576
15680.000  0.827888
15682.000  0.807796
15684.000  0.787329
15686.000  0.775424
15688.000  0.900606
15690.000  0.82412
15692.000  0.712143
15694.000  0.788132
15696.000  0.917697
15698.000  0.79061
15700.000  0.830589
15702.000  0.831899
15704.000  0.785798
15706.000  0.812821
15708.000  0.77961
15710.000  0.836856
15712.000  0.784022
15714.000  0.786184
15716.000  0.72091
15718.000  0.845073
15720.000  0.827958
15722.000  0.854271
15724.000  0.829281
15726.000  0.768687
15728.000  0.788477
15730.000  0.79315
15732.000  0.823065
15734.000  0.901403
15736.000  0.850879
15738.000  0.843521
15740.000  0.670677
15742.000  0.624218
15744.000  0.637672
15746.000  0.826462
15748.000  0.733084
15750.000  0.713953
15752.000  0.836802
15754.000  0.803821
15756.000  0.715887
15758.000  0.774236
15760.000  0.898948
15762.000  0.869529
15764.000  0.843075
15766.000  0.67625
15768.000  0.741559
15770.000  0.718157
15772.000  0.790767
15774.000  0.580091
15776.000  0.52827
15778.000  0.630822
15780.000  0.687186
15782.000  0.741698
15784.000  0.756162
15786.000  0.758358
15788.000  0.731752
15790.000  0.817244
15792.000  0.783464
15794.000  0.780031
15796.000  0.722316
15798.000  0.763684
15800.000  0.808934
15802.000  0.79297
15804.000  0.835389
15806.000  0.832938
15808.000  0.842841
15810.000  0.718669
15812.000  0.855303
15814.000  0.808491
15816.000  0.756243
15818.000  0.713061
15820.000  0.740344
15822.000  0.698141
15824.000  0.79945
15826.000  0.800165
15828.000  0.804493
15830.000  0.835939
15832.000  0.817175
15834.000  0.837342
15836.000  0.781292
15838.000  0.870703
15840.000  0.903469
15842.000  0.83739
15844.000  0.809625
15846.000  0.83952
15848.000  0.80838
15850.000  0.826798
15852.000  0.796182
15854.000  0.752619
15856.000  0.856619
15858.000  0.882708
15860.000  0.789335
15862.000  0.801575
15864.000  0.828372
15866.000  0.858296
15868.000  0.74872
15870.000  0.801046
15872.000  0.816246
15874.000  0.806079
15876.000  0.83722
15878.000  0.761722
15880.000  0.750349
15882.000  0.754473
15884.000  0.714992
15886.000  0.685849
15888.000  0.613077
15890.000  0.720467
15892.000  0.720591
15894.000  0.750145
15896.000  0.893088
15898.000  0.797871
15900.000  0.7715
15902.000  0.782586
15904.000  0.79236
15906.000  0.713342
15908.000  0.852284
15910.000  0.829223
15912.000  0.754454
15914.000  0.796805
15916.000  0.865387
15918.000  0.879306
15920.000  0.770138
15922.000  0.838382
15924.000  0.587083
15926.000  0.654959
15928.000  0.825305
15930.000  0.847865
15932.000  0.804099
15934.000  0.894289
15936.000  0.898782
15938.000  0.891135
15940.000  0.776325
15942.000  0.804583
15944.000  0.919979
15946.000  0.86724
15948.000  0.865754
15950.000  0.817632
15952.000  0.823773
15954.000  0.83916
15956.000  0.880767
15958.000  0.822799
15960.000  0.723529
15962.000  0.875751
15964.000  0.869029
15966.000  0.840903
15968.000  0.766766
15970.000  0.731449
15972.000  0.851214
15974.000  0.875274
15976.000  0.867196
15978.000  0.621749
15980.000  0.553385
15982.000  0.57525
15984.000  0.751969
15986.000  0.795713
15988.000  0.746909
15990.000  0.705348
15992.000  0.778036
15994.000  0.85202
15996.000  0.793031
15998.000  0.829351
16000.000  0.763715
16002.000  0.724906
16004.000  0.763799
16006.000  0.745886
16008.000  0.801694
16010.000  0.744039
16012.000  0.759591
16014.000  0.782359
16016.000  0.779331
16018.000  0.87302
16020.000  0.797654
16022.000  0.702987
16024.000  0.742837
16026.000  0.768766
16028.000  0.89354
16030.000  0.747566
16032.000  0.746792
16034.000  0.830132
16036.000  0.764682
16038.000  0.729559
16040.000  0.81117
16042.000  0.799308
16044.000  0.818584
16046.000  0.960529
16048.000  0.867458
16050.000  0.815963
16052.000  0.819104
16054.000  0.781526
16056.000  0.753065
16058.000  0.901762
16060.000  0.786912
16062.000  0.731623
16064.000  0.78245
16066.000  0.819136
16068.000  0.881823
16070.000  0.827978
16072.000  0.849244
16074.000  0.773304
16076.000  0.795034
16078.000  0.821289
16080.000  0.895863
16082.000  0.837126
16084.000  0.803408
16086.000  0.904461
16088.000  0.932725
16090.000  0.813422
16092.000  0.828775
16094.000  0.757258
16096.000  0.737641
16098.000  0.809358
16100.000  0.831259
16102.000  0.773041
16104.000  0.824502
16106.000  0.826474
16108.000  0.82947
16110.000  0.817252
16112.000  0.866796
16114.000  0.874162
16116.000  0.820066
16118.000  0.79734
16120.000  0.893414
16122.000  0.864848
16124.000  0.791745
16126.000  0.880159
16128.000  0.825463
16130.000  0.86921
16132.000  0.918418
16134.000  0.855554
16136.000  0.721774
16138.000  0.757965
16140.000  0.87555
16142.000  0.953253
16144.000  0.868231
16146.000  0.865748
16148.000  0.80273
16150.000  0.730258
16152.000  0.734547
16154.000  0.74377
16156.000  0.705763
16158.000  0.740122
16160.000  0.8199
16162.000  0.810834
16164.000  0.798128
16166.000  0.852936
16168.000  0.872983
16170.000  0.90821
16172.000  0.948515
16174.000  0.883037
16176.000  0.898528
16178.000  0.935601
16180.000  0.825143
16182.000  0.874224
16184.000  0.7004
16186.000  0.560343
16188.000  0.678078
16190.000  0.66413
16192.000  0.696062
16194.000  0.736999
16196.000  0.730621
16198.000  0.619634
16200.000  0.539061
16202.000  0.7154
16204.000  0.680409
16206.000  0.770049
16208.000  0.676997
16210.000  0.790283
16212.000  0.871028
16214.000  0.837575
16216.000  0.723598
16218.000  0.72723
16220.000  0.788281
16222.000  0.871578
16224.000  0.751396
16226.000  0.698829
16228.000  0.883088
16230.000  0.805845
16232.000  0.791829
16234.000  0.913075
16236.000  0.818724
16238.000  0.813237
16240.000  0.759005
16242.000  0.704629
16244.000  0.78005
16246.000  0.903171
16248.000  0.787031
16250.000  0.77379
16252.000  0.751564
16254.000  0.796413
16256.000  0.785013
16258.000  0.864812
16260.000  0.781888
16262.000  0.843771
16264.000  0.911608
16266.000  0.833285
16268.000  0.84555
16270.000  0.895237
16272.000  0.894357
16274.000  0.795224
16276.000  0.850087
16278.000  0.909251
16280.000  0.831563
16282.000  0.821229
16284.000  0.861684
16286.000  0.909083
16288.000  0.922452
16290.000  0.84315
16292.000  0.830817
16294.000  0.864607
16296.000  0.843886
16298.000  0.792913
16300.000  0.761786
16302.000  0.889977
16304.000  0.827894
16306.000  0.863259
16308.000  0.843069
16310.000  0.752435
16312.000  0.823703
16314.000  0.894256
16316.000  0.827587
16318.000  0.816857
16320.000  0.886825
16322.000  0.827323
16324.000  0.810454
16326.000  0.904157
16328.000  0.911833
16330.000  0.898995
16332.000  0.833863
16334.000  0.801719
16336.000  0.862185
16338.000  0.757745
16340.000  0.884883
16342.000  0.923362
16344.000  0.937718
16346.000  0.826139
16348.000  0.851478
16350.000  0.896159
16352.000  0.798983
16354.000  0.808672
16356.000  0.799974
16358.000  0.834359
16360.000  0.92944
16362.000  0.938756
16364.000  0.730886
16366.000  0.783199
16368.000  0.818951
16370.000  0.866315
16372.000  0.911277
16374.000  0.794196
16376.000  0.78044
16378.000  0.87915
16380.000  0.747013
16382.000  0.675782
16384.000  0.800942
16386.000  0.889153
16388.000  0.8318
16390.000  0.869298
16392.000  0.901767
16394.000  0.844024
16396.000  0.667018
16398.000  0.611866
16400.000  0.77056
16402.000  0.769205
16404.000  0.754514
16406.000  0.609005
16408.000  0.742852
16410.000  0.804108
16412.000  0.76875
16414.000  0.757506
16416.000  0.833726
16418.000  0.783184
16420.000  0.857788
16422.000  0.838384
16424.000  0.857136
16426.000  0.785213
16428.000  0.851036
16430.000  0.800757
16432.000  0.855422
16434.000  0.762329
16436.000  0.753658
16438.000  0.787771
16440.000  0.868911
16442.000  0.824336
16444.000  0.65287
16446.000  0.819682
16448.000  0.81419
16450.000  0.804307
16452.000  0.796647
16454.000  0.697281
16456.000  0.764888
16458.000  0.873561
16460.000  0.908401
16462.000  0.850826
16464.000  0.900049
16466.000  0.916007
16468.000  0.894091
16470.000  0.889259
16472.000  0.825492
16474.000  0.721621
16476.000  0.805656
16478.000  0.830514
16480.000  0.849597
16482.000  0.847353
16484.000  0.889255
16486.000  0.816139
16488.000  0.778421
16490.000  0.740158
16492.000  0.870316
16494.000  0.811414
16496.000  0.809722
16498.000  0.850501
16500.000  0.942118
16502.000  0.936695
16504.000  0.925826
16506.000  0.823883
16508.000  0.884979
16510.000  0.926866
16512.000  0.852907
16514.000  0.787614
16516.000  0.893157
16518.000  0.940551
16520.000  0.889272
16522.000  0.895726
16524.000  0.829334
16526.000  0.818695
16528.000  0.88705
16530.000  0.923233
16532.000  0.902163
16534.000  0.800677
16536.000  0.84596
16538.000  0.823605
16540.000  0.873644
16542.000  0.878763
16544.000  0.884967
16546.000  0.916421
16548.000  0.896228
16550.000  0.835487
16552.000  0.902364
16554.000  0.949895
16556.000  0.865218
16558.000  0.816943
16560.000  0.844847
16562.000  0.8897
16564.000  0.862288
16566.000  0.893956
16568.000  0.890972
16570.000  0.799042
16572.000  0.884802
16574.000  0.955701
16576.000  0.920049
16578.000  0.818055
16580.000  0.858508
16582.000  0.765386
16584.000  0.858352
16586.000  0.8131
16588.000  0.873917
16590.000  0.897896
16592.000  0.926695
16594.000  0.828563
16596.000  0.879645
16598.000  0.903315
16600.000  0.892367
16602.000  0.92321
16604.000  0.877494
16606.000  0.793188
16608.000  0.876651
16610.000  0.917164
16612.000  0.856926
16614.000  0.665511
16616.000  0.691768
16618.000  0.765118
16620.000  0.769046
16622.000  0.740121
16624.000  0.745132
16626.000  0.764284
16628.000  0.877484
16630.000  0.834615
16632.000  0.804704
16634.000  0.83585
16636.000  0.785182
16638.000  0.861999
16640.000  0.803814
16642.000  0.812849
16644.000  0.836809
16646.000  0.806375
16648.000  0.90997
16650.000  0.836058
16652.000  0.90129
16654.000  0.796398
16656.000  0.884369
16658.000  0.910003
16660.000  0.889745
16662.000  0.952651
16664.000  0.87395
16666.000  0.760749
16668.000  0.845982
16670.000  0.826315
16672.000  0.8317
16674.000  0.850272
16676.000  0.870488
16678.000  0.831947
16680.000  0.75893
16682.000  0.852849
16684.000  0.88425
16686.000  0.871397
16688.000  0.807389
16690.000  0.861165
16692.000  0.909823
16694.000  0.875898
16696.000  0.874072
16698.000  0.901446
16700.000  0.949139
16702.000  0.935907
16704.000  0.807161
16706.000  0.738106
16708.000  0.628282
16710.000  0.838797
16712.000  0.831204
16714.000  0.863137
16716.000  0.938717
16718.000  0.804934
16720.000  0.786181
16722.000  0.850138
16724.000  0.848907
16726.000  0.89376
16728.000  0.785587
16730.000  0.807364
16732.000  0.888703
16734.000  0.932115
16736.000  0.896691
16738.000  0.88059
16740.000  0.929211
16742.000  0.934217
16744.000  0.931647
16746.000  0.896459
16748.000  0.859895
16750.000  0.651882
16752.000  0.710529
16754.000  0.869116
16756.000  0.830823
16758.000  0.689288
16760.000  0.879024
16762.000  0.825838
16764.000  0.79147
16766.000  0.85975
16768.000  0.954753
16770.000  0.926589
16772.000  0.913398
16774.000  0.94701
16776.000  0.896701
16778.000  0.90337
16780.000  0.916744
16782.000  0.923132
16784.000  0.886333
16786.000  0.880386
16788.000  0.925722
16790.000  0.940726
16792.000  0.937512
16794.000  0.90324
16796.000  0.878509
16798.000  0.865929
16800.000  0.787105
16802.000  0.894577
16804.000  0.829425
16806.000  0.804509
16808.000  0.7759
16810.000  0.875019
16812.000  0.871183
16814.000  0.919501
16816.000  0.837807
16818.000  0.827619
16820.000  0.855291
16822.000  0.851116
16824.000  0.858672
16826.000  0.929562
16828.000  0.863862
16830.000  0.943026
16832.000  0.954084
16834.000  0.902484
16836.000  0.727409
16838.000  0.753016
16840.000  0.797411
16842.000  0.822247
16844.000  0.788664
16846.000  0.852117
16848.000  0.905176
16850.000  0.876473
16852.000  0.864056
16854.000  0.917049
16856.000  0.829003
16858.000  0.849616
16860.000  0.867468
16862.000  0.80834
16864.000  0.809988
16866.000  0.909533
16868.000  0.84232
16870.000  0.900901
16872.000  0.896531
16874.000  0.884775
16876.000  0.894295
16878.000  0.874603
16880.000  0.937627
16882.000  0.916581
16884.000  0.838412
16886.000  0.826218
16888.000  0.842847
16890.000  0.796974
16892.000  0.867636
16894.000  0.865138
16896.000  0.847547
16898.000  0.867687
16900.000  0.900094
16902.000  0.860855
16904.000  0.789321
16906.000  0.836843
16908.000  0.913826
16910.000  0.845978
16912.000  0.869017
16914.000  0.844581
16916.000  0.865345
16918.000  0.953961
16920.000  0.965449
16922.000  0.936407
16924.000  0.883629
16926.000  0.911325
16928.000  0.908318
16930.000  0.906986
16932.000  0.910477
16934.000  0.867977
16936.000  0.953519
16938.000  0.958602
16940.000  0.900238
16942.000  0.91028
16944.000  0.913799
16946.000  0.945609
16948.000  0.887714
16950.000  0.885446
16952.000  0.932529
16954.000  0.942618
16956.000  0.930863
16958.000  0.879942
16960.000  0.893492
16962.000  0.906187
16964.000  0.886597
16966.000  0.912357
16968.000  0.910093
16970.000  0.876175
16972.000  0.939977
16974.000  0.913427
16976.000  0.880298
16978.000  0.949691
16980.000  0.96805
16982.000  0.907454
16984.000  0.89227
16986.000  0.861184
16988.000  0.897951
16990.000  0.931096
16992.000  0.868422
16994.000  0.894489
16996.000  0.730804
16998.000  0.807359
17000.000  0.940296
17002.000  0.827958
17004.000  0.886196
17006.000  0.884634
17008.000  0.930026
17010.000  0.884255
17012.000  0.836052
17014.000  0.873763
17016.000  0.909058
17018.000  0.922761
17020.000  0.92471
17022.000  0.945254
17024.000  0.970381
17026.000  0.931739
17028.000  0.942676
17030.000  0.966628
17032.000  0.919379
17034.000  0.862491
17036.000  0.924522
17038.000  0.907876
17040.000  0.921317
17042.000  0.932754
17044.000  0.913174
17046.000  0.936114
17048.000  0.958
17050.000  0.844176
17052.000  0.860349
17054.000  0.938457
17056.000  0.920043
17058.000  0.933094
17060.000  0.887967
17062.000  0.820988
17064.000  0.742484
17066.000  0.745296
17068.000  0.833873
17070.000  0.859684
17072.000  0.8751
17074.000  0.789803
17076.000  0.806393
17078.000  0.861305
17080.000  0.942466
17082.000  0.912275
17084.000  0.897159
17086.000  0.804789
17088.000  0.89125
17090.000  0.878445
17092.000  0.940378
17094.000  0.90993
17096.000  0.880888
17098.000  0.906622
17100.000  0.877496
17102.000  0.881926
17104.000  0.818539
17106.000  0.842033
17108.000  0.666702
17110.000  0.694765
17112.000  0.872899
17114.000  0.861373
17116.000  0.929384
17118.000  0.91258
17120.000  0.839028
17122.000  0.909481
17124.000  0.892638
17126.000  0.901239
17128.000  0.921424
17130.000  0.934443
17132.000  0.917602
17134.000  0.897642
17136.000  0.974753
17138.000  0.911222
17140.000  0.903647
17142.000  0.951433
17144.000  0.957782
17146.000  0.939147
17148.000  0.950604
17150.000  0.961733
17152.000  0.918391
17154.000  0.93029
17156.000  0.886705
17158.000  0.910205
17160.000  0.896993
17162.000  0.886604
17164.000  0.934142
17166.000  0.937855
17168.000  0.942872
17170.000  0.890342
17172.000  0.868649
17174.000  0.802551
17176.000  0.929106
17178.000  0.936294
17180.000  0.930709
17182.000  0.925996
17184.000  0.862798
17186.000  0.906594
17188.000  0.917686
17190.000  0.884926
17192.000  0.890407
17194.000  0.880709
17196.000  0.895793
17198.000  0.929706
17200.000  0.940121
17202.000  0.96245
17204.000  0.848966
17206.000  0.797049
17208.000  0.855762
17210.000  0.928369
17212.000  0.950867
17214.000  0.922399
17216.000  0.955383
17218.000  0.931789
17220.000  0.947068
17222.000  0.930421
17224.000  0.888685
17226.000  0.789692
17228.000  0.812782
17230.000  0.845403
17232.000  0.913517
17234.000  0.88956
17236.000  0.963306
17238.000  0.905066
17240.000  0.835547
17242.000  0.849817
17244.000  0.854214
17246.000  0.940291
17248.000  0.940703
17250.000  0.947169
17252.000  0.906922
17254.000  0.925568
17256.000  0.954437
17258.000  0.95976
17260.000  0.934709
17262.000  0.858927
17264.000  0.915844
17266.000  0.950815
17268.000  0.955
17270.000  0.961296
17272.000  0.959228
17274.000  0.920955
17276.000  0.933815
17278.000  0.917685
17280.000  0.908152
17282.000  0.909439
17284.000  0.934231
17286.000  0.925476
17288.000  0.911024
17290.000  0.945137
17292.000  0.955428
17294.000  0.89439
17296.000  0.81314
17298.000  0.87089
17300.000  0.904451
17302.000  0.930549
17304.000  0.899813
17306.000  0.865697
17308.000  0.826399
17310.000  0.895762
17312.000  0.868845
17314.000  0.843905
17316.000  0.872963
17318.000  0.849072
17320.000  0.900001
17322.000  0.89584
17324.000  0.690451
17326.000  0.676756
17328.000  0.782335
17330.000  0.873378
17332.000  0.903686
17334.000  0.930878
17336.000  0.89166
17338.000  0.7375
17340.000  0.727066
17342.000  0.922669
17344.000  0.927957
17346.000  0.872241
17348.000  0.825443
17350.000  0.726935
17352.000  0.812794
17354.000  0.899301
17356.000  0.822294
17358.000  0.805976
17360.000  0.85708
17362.000  0.812878
17364.000  0.859016
17366.000  0.868932
17368.000  0.892629
17370.000  0.903496
17372.000  0.932877
17374.000  0.968822
17376.000  0.961799
17378.000  0.897886
17380.000  0.888494
17382.000  0.907291
17384.000  0.917939
17386.000  0.874382
17388.000  0.919216
17390.000  0.915041
17392.000  0.940238
17394.000  0.922634
17396.000  0.90406
17398.000  0.947429
17400.000  0.940806
17402.000  0.921847
17404.000  0.910748
17406.000  0.88396
17408.000  0.813498
17410.000  0.911187
17412.000  0.897435
17414.000  0.863238
17416.000  0.884008
17418.000  0.926376
17420.000  0.854771
17422.000  0.812169
17424.000  0.837113
17426.000  0.876408
17428.000  0.870642
17430.000  0.937577
17432.000  0.949072
17434.000  0.980408
17436.000  0.967977
17438.000  0.936073
17440.000  0.953491
17442.000  0.968912
17444.000  0.945307
17446.000  0.902224
17448.000  0.891709
17450.000  0.918123
17452.000  0.974238
17454.000  0.945922
17456.000  0.907488
17458.000  0.956012
17460.000  0.965443
17462.000  0.961464
17464.000  0.942716
17466.000  0.779577
17468.000  0.811548
17470.000  0.974617
17472.000  0.969045
17474.000  0.950902
17476.000  0.935147
17478.000  0.93211
17480.000  0.953945
17482.000  0.947602
17484.000  0.936789
17486.000  0.931495
17488.000  0.972827
17490.000  0.958973
17492.000  0.889497
17494.000  0.878699
17496.000  0.616067
17498.000  0.752158
17500.000  0.826459
17502.000  0.860849
17504.000  0.941473
17506.000  0.878988
17508.000  0.882822
17510.000  0.951288
17512.000  0.952603
17514.000  0.945872
17516.000  0.958118
17518.000  0.875665
17520.000  0.906971
17522.000  0.90165
17524.000  0.923542
17526.000  0.902439
17528.000  0.913954
17530.000  0.916969
17532.000  0.93123
17534.000  0.884115
17536.000  0.896164
17538.000  0.895413
17540.000  0.901428
17542.000  0.946162
17544.000  0.926067
17546.000  0.900228
17548.000  0.839699
17550.000  0.885811
17552.000  0.93986
17554.000  0.933262
17556.000  0.921864
17558.000  0.96007
17560.000  0.937741
17562.000  0.97285
17564.000  0.947881
17566.000  0.929149
17568.000  0.960941
17570.000  0.951303
17572.000  0.943733
17574.000  0.922074
17576.000  0.913062
17578.000  0.966913
17580.000  0.923964
17582.000  0.887913
17584.000  0.935669
17586.000  0.899628
17588.000  0.932006
17590.000  0.973302
17592.000  0.935945
17594.000  0.930904
17596.000  0.965549
17598.000  0.943201
17600.000  0.964156
17602.000  0.969562
17604.000  0.903097
17606.000  0.624651
17608.000  0.64316
17610.000  0.883228
17612.000  0.921906
17614.000  0.9392
17616.000  0.878992
17618.000  0.83653
17620.000  0.923399
17622.000  0.907363
17624.000  0.841737
17626.000  0.943401
17628.000  0.947551
17630.000  0.968079
17632.000  0.939248
17634.000  0.943592
17636.000  0.938281
17638.000  0.878569
17640.000  0.871893
17642.000  0.928813
17644.000  0.966813
17646.000  0.950228
17648.000  0.946157
17650.000  0.956433
17652.000  0.957694
17654.000  0.941531
17656.000  0.878303
17658.000  0.957433
17660.000  0.966495
17662.000  0.890643
17664.000  0.871905
17666.000  0.933559
17668.000  0.939447
17670.000  0.93233
17672.000  0.924063
17674.000  0.95073
17676.000  0.945395
17678.000  0.943416
17680.000  0.938061
17682.000  0.928636
17684.000  0.924539
17686.000  0.905241
17688.000  0.973384
17690.000  0.981413
17692.000  0.969296
17694.000  0.938392
17696.000  0.884596
17698.000  0.92904
17700.000  0.907022
17702.000  0.943423
17704.000  0.943624
17706.000  0.937847
17708.000  0.853027
17710.000  0.896371
17712.000  0.930703
17714.000  0.924612
17716.000  0.974093
17718.000  0.937882
17720.000  0.945896
17722.000  0.943403
17724.000  0.961755
17726.000  0.974185
17728.000  0.964624
17730.000  0.944762
17732.000  0.926548
17734.000  0.940798
17736.000  0.944787
17738.000  0.976456
17740.000  0.979627
17742.000  0.927585
17744.000  0.615372
17746.000  0.671592
17748.000  0.930111
17750.000  0.908827
17752.000  0.91455
17754.000  0.890878
17756.000  0.958581
17758.000  0.920462
17760.000  0.902616
17762.000  0.869335
17764.000  0.93153
17766.000  0.937114
17768.000  0.934558
17770.000  0.868266
17772.000  0.858857
17774.000  0.966288
17776.000  0.971044
17778.000  0.92092
17780.000  0.89798
17782.000  0.899042
17784.000  0.922837
17786.000  0.885416
17788.000  0.882867
17790.000  0.911637
17792.000  0.954727
17794.000  0.937302
17796.000  0.96505
17798.000  0.965888
17800.000  0.945595
17802.000  0.956648
17804.000  0.97579
17806.000  0.952988
17808.000  0.939984
17810.000  0.945393
17812.000  0.901054
17814.000  0.86952
17816.000  0.917391
17818.000  0.899121
17820.000  0.928246
17822.000  0.830552
17824.000  0.873005
17826.000  0.846693
17828.000  0.926472
17830.000  0.923387
17832.000  0.940897
17834.000  0.951337
17836.000  0.938943
17838.000  0.939928
17840.000  0.971369
17842.000  0.967343
17844.000  0.922268
17846.000  0.835328
17848.000  0.911206
17850.000  0.933249
17852.000  0.961599
17854.000  0.939309
17856.000  0.942368
17858.000  0.934996
17860.000  0.980086
17862.000  0.973397
17864.000  0.956887
17866.000  0.932698
17868.000  0.953294
17870.000  0.959451
17872.000  0.965836
17874.000  0.95226
17876.000  0.941608
17878.000  0.93196
17880.000  0.964247
17882.000  0.973568
17884.000  0.963569
17886.000  0.959485
17888.000  0.9689
17890.000  0.951221
17892.000  0.932723
17894.000  0.947744
17896.000  0.963042
17898.000  0.969103
17900.000  0.961587
17902.000  0.936178
17904.000  0.89145
17906.000  0.939875
17908.000  0.971099
17910.000  0.960423
17912.000  0.933851
17914.000  0.934384
17916.000  0.921821
17918.000  0.951404
17920.000  0.985759
17922.000  0.989243
17924.000  0.977934
17926.000  0.950609
17928.000  0.928157
17930.000  0.870047
17932.000  0.952725
17934.000  0.943189
17936.000  0.920478
17938.000  0.873243
17940.000  0.953536
17942.000  0.96713
17944.000  0.983396
17946.000  0.947627
17948.000  0.957977
17950.000  0.943736
17952.000  0.967069
17954.000  0.96341
17956.000  0.968616
17958.000  0.968914
17960.000  0.975271
17962.000  0.970725
17964.000  0.964214
17966.000  0.963187
17968.000  0.933699
17970.000  0.922545
17972.000  0.958453
17974.000  0.960257
17976.000  0.948845
17978.000  0.938733
17980.000  0.962937
17982.000  0.987399
17984.000  0.976894
17986.000  0.855679
17988.000  0.727336
17990.000  0.937323
17992.000  0.982991
17994.000  0.971765
17996.000  0.960981
17998.000  0.974877
18000.000  0.959477
18002.000  0.904058
18004.000  0.915795
18006.000  0.877384
18008.000  0.922074
18010.000  0.961197
18012.000  0.947315
18014.000  0.955475
18016.000  0.928474
18018.000  0.936969
18020.000  0.958436
18022.000  0.914725
18024.000  0.925972
18026.000  0.914126
18028.000  0.828483
18030.000  0.893758
18032.000  0.924632
18034.000  0.8659
18036.000  0.90303
18038.000  0.795759
18040.000  0.909653
18042.000  0.93467
18044.000  0.927316
18046.000  0.976165
18048.000  0.929409
18050.000  0.841459
18052.000  0.966683
18054.000  0.96014
18056.000  0.934892
18058.000  0.942818
18060.000  0.935662
18062.000  0.864848
18064.000  0.917528
18066.000  0.9576
18068.000  0.980164
18070.000  0.983305
18072.000  0.966298
18074.000  0.946944
18076.000  0.898928
18078.000  0.953857
18080.000  0.975967
18082.000  0.951782
18084.000  0.880771
18086.000  0.948196
18088.000  0.984103
18090.000  0.958614
18092.000  0.951713
18094.000  0.94512
18096.000  0.950486
18098.000  0.940047
18100.000  0.953217
18102.000  0.97835
18104.000  0.970536
18106.000  0.968589
18108.000  0.883704
18110.000  0.930038
18112.000  0.934473
18114.000  0.883298
18116.000  0.865132
18118.000  0.910729
18120.000  0.947633
18122.000  0.968658
18124.000  0.953235
18126.000  0.969335
18128.000  0.962806
18130.000  0.971096
18132.000  0.963123
18134.000  0.962994
18136.000  0.975895
18138.000  0.973097
18140.000  0.950225
18142.000  0.914076
18144.000  0.972354
18146.000  0.973844
18148.000  0.942162
18150.000  0.921287
18152.000  0.96682
18154.000  0.960222
18156.000  0.96373
18158.000  0.943936
18160.000  0.958063
18162.000  0.961155
18164.000  0.950861
18166.000  0.931149
18168.000  0.932595
18170.000  0.925158
18172.000  0.903619
18174.000  0.865953
18176.000  0.887247
18178.000  0.900815
18180.000  0.912244
18182.000  0.861433
18184.000  0.94228
18186.000  0.939854
18188.000  0.959886
18190.000  0.976689
18192.000  0.983585
18194.000  0.935915
18196.000  0.903934
18198.000  0.936152
18200.000  0.931347
18202.000  0.981417
18204.000  0.976127
18206.000  0.9554
18208.000  0.976541
18210.000  0.986276
18212.000  0.940627
18214.000  0.932636
18216.000  0.955628
18218.000  0.926268
18220.000  0.935767
18222.000  0.907839
18224.000  0.854416
18226.000  0.925313
18228.000  0.951321
18230.000  0.938225
18232.000  0.955901
18234.000  0.958396
18236.000  0.934728
18238.000  0.914965
18240.000  0.962835
18242.000  0.969255
18244.000  0.967576
18246.000  0.974564
18248.000  0.919894
18250.000  0.928479
18252.000  0.958518
18254.000  0.961005
18256.000  0.967491
18258.000  0.974637
18260.000  0.977276
18262.000  0.973577
18264.000  0.924728
18266.000  0.936481
18268.000  0.957851
18270.000  0.925577
18272.000  0.928472
18274.000  0.956279
18276.000  0.964149
18278.000  0.957796
18280.000  0.935969
18282.000  0.904429
18284.000  0.818755
18286.000  0.888428
18288.000  0.946869
18290.000  0.947746
18292.000  0.897748
18294.000  0.847758
18296.000  0.89845
18298.000  0.935474
18300.000  0.888988
18302.000  0.881484
18304.000  0.9325
18306.000  0.877555
18308.000  0.596357
18310.000  0.820694
18312.000  0.968565
18314.000  0.978408
18316.000  0.958673
18318.000  0.943039
18320.000  0.909646
18322.000  0.94614
18324.000  0.951508
18326.000  0.942231
18328.000  0.966578
18330.000  0.962335
18332.000  0.984399
18334.000  0.973407
18336.000  0.95394
18338.000  0.967573
18340.000  0.923542
18342.000  0.874536
18344.000  0.955371
18346.000  0.961929
18348.000  0.949268
18350.000  0.903777
18352.000  0.956256
18354.000  0.912421
18356.000  0.909962
18358.000  0.919689
18360.000  0.943096
18362.000  0.974005
18364.000  0.958908
18366.000  0.964476
18368.000  0.964282
18370.000  0.946631
18372.000  0.933961
18374.000  0.835652
18376.000  0.913043
18378.000  0.934885
18380.000  0.969068
18382.000  0.975431
18384.000  0.988937
18386.000  0.96681
18388.000  0.952607
18390.000  0.961382
18392.000  0.879769
18394.000  0.908384
18396.000  0.858813
18398.000  0.863944
18400.000  0.930795
18402.000  0.945031
18404.000  0.975161
18406.000  0.979462
18408.000  0.948447
18410.000  0.970836
18412.000  0.933268
18414.000  0.903046
18416.000  0.966009
18418.000  0.929207
18420.000  0.913461
18422.000  0.833574
18424.000  0.906239
18426.000  0.940263
18428.000  0.933523
18430.000  0.905664
18432.000  0.969709
18434.000  0.935517
18436.000  0.959175
18438.000  0.973068
18440.000  0.988208
18442.000  0.979514
18444.000  0.966344
18446.000  0.970513
18448.000  0.970377
18450.000  0.978316
18452.000  0.93794
18454.000  0.813758
18456.000  0.888695
18458.000  0.976563
18460.000  0.978895
18462.000  0.977828
18464.000  0.843862
18466.000  0.74742
18468.000  0.954101
18470.000  0.968757
18472.000  0.90983
18474.000  0.974745
18476.000  0.979449
18478.000  0.946725
18480.000  0.938837
18482.000  0.975502
18484.000  0.976975
18486.000  0.977688
18488.000  0.970704
18490.000  0.963477
18492.000  0.967779
18494.000  0.967837
18496.000  0.974124
18498.000  0.968692
18500.000  0.967204
18502.000  0.971829
18504.000  0.987724
18506.000  0.985396
18508.000  0.97067
18510.000  0.975749
18512.000  0.965918
18514.000  0.94808
18516.000  0.945801
18518.000  0.963073
18520.000  0.948432
18522.000  0.930721
18524.000  0.82176
18526.000  0.874681
18528.000  0.945585
18530.000  0.976103
18532.000  0.98502
18534.000  0.978136
18536.000  0.977312
18538.000  0.972009
18540.000  0.982893
18542.000  0.989022
18544.000  0.96713
18546.000  0.969589
18548.000  0.963057
18550.000  0.96432
18552.000  0.942469
18554.000  0.834468
18556.000  0.915675
18558.000  0.97001
18560.000  0.975551
18562.000  0.975808
18564.000  0.970654
18566.000  0.961525
18568.000  0.931559
18570.000  0.946903
18572.000  0.966632
18574.000  0.984028
18576.000  0.987397
18578.000  0.981605
18580.000  0.971148
18582.000  0.958202
18584.000  0.858063
18586.000  0.94987
18588.000  0.979043
18590.000  0.984567
18592.000  0.981212
18594.000  0.944278
18596.000  0.942498
18598.000  0.97381
18600.000  0.966406
18602.000  0.959169
18604.000  0.976304
18606.000  0.979821
18608.000  0.957492
18610.000  0.931448
18612.000  0.942394
18614.000  0.933175
18616.000  0.94131
18618.000  0.947496
18620.000  0.980589
18622.000  0.965652
18624.000  0.868413
18626.000  0.905002
18628.000  0.933356
18630.000  0.977475
18632.000  0.953119
18634.000  0.95738
18636.000  0.933265
18638.000  0.881451
18640.000  0.978729
18642.000  0.990839
18644.000  0.993613
18646.000  0.989437
18648.000  0.969675
18650.000  0.973899
18652.000  0.967338
18654.000  0.925963
18656.000  0.903164
18658.000  0.878754
18660.000  0.939972
18662.000  0.967537
18664.000  0.987
18666.000  0.980344
18668.000  0.977028
18670.000  0.976899
18672.000  0.985323
18674.000  0.982075
18676.000  0.96828
18678.000  0.97322
18680.000  0.984839
18682.000  0.98073
18684.000  0.989225
18686.000  0.97145
18688.000  0.964749
18690.000  0.980677
18692.000  0.981234
18694.000  0.987367
18696.000  0.966213
18698.000  0.954396
18700.000  0.981269
18702.000  0.983697
18704.000  0.973979
18706.000  0.980123
18708.000  0.980074
18710.000  0.96158
18712.000  0.895263
18714.000  0.869342
18716.000  0.96886
18718.000  0.985742
18720.000  0.965647
18722.000  0.87146
18724.000  0.862119
18726.000  0.918518
18728.000  0.9611
18730.000  0.98153
18732.000  0.980842
18734.000  0.950529
18736.000  0.907858
18738.000  0.953215
18740.000  0.933759
18742.000  0.953773
18744.000  0.96315
18746.000  0.935851
18748.000  0.891792
18750.000  0.797915
18752.000  0.8116
18754.000  0.921046
18756.000  0.948337
18758.000  0.956226
18760.000  0.938319
18762.000  0.961274
18764.000  0.96708
18766.000  0.983431
18768.000  0.981152
18770.000  0.981221
18772.000  0.965249
18774.000  0.968329
18776.000  0.961244
18778.000  0.967736
18780.000  0.978155
18782.000  0.980204
18784.000  0.979413
18786.000  0.963868
18788.000  0.978045
18790.000  0.931107
18792.000  0.925761
18794.000  0.983891
18796.000  0.987806
18798.000  0.983162
18800.000  0.961058
18802.000  0.97322
18804.000  0.988111
18806.000  0.984642
18808.000  0.984124
18810.000  0.988687
18812.000  0.980976
18814.000  0.960109
18816.000  0.973491
18818.000  0.965894
18820.000  0.916953
18822.000  0.9486
18824.000  0.982425
18826.000  0.981044
18828.000  0.980638
18830.000  0.960295
18832.000  0.922677
18834.000  0.921681
18836.000  0.966405
18838.000  0.978929
18840.000  0.954427
18842.000  0.925553
18844.000  0.929963
18846.000  0.940479
18848.000  0.988391
18850.000  0.961728
18852.000  0.954797
18854.000  0.928134
18856.000  0.799143
18858.000  0.868004
18860.000  0.939734
18862.000  0.982733
18864.000  0.991847
18866.000  0.981212
18868.000  0.960973
18870.000  0.934627
18872.000  0.95627
18874.000  0.935385
18876.000  0.969274
18878.000  0.953148
18880.000  0.963615
18882.000  0.955475
18884.000  0.95795
18886.000  0.965177
18888.000  0.973685
18890.000  0.970664
18892.000  0.980009
18894.000  0.968827
18896.000  0.911353
18898.000  0.81039
18900.000  0.906007
18902.000  0.933611
18904.000  0.988932
18906.000  0.975166
18908.000  0.96951
18910.000  0.960103
18912.000  0.968867
18914.000  0.885674
18916.000  0.883513
18918.000  0.872176
18920.000  0.930741
18922.000  0.852212
18924.000  0.919369
18926.000  0.853889
18928.000  0.93552
18930.000  0.929619
18932.000  0.902475
18934.000  0.916145
18936.000  0.933929
18938.000  0.978214
18940.000  0.972527
18942.000  0.879998
18944.000  0.926461
18946.000  0.976759
18948.000  0.97984
18950.000  0.958507
18952.000  0.978926
18954.000  0.983343
18956.000  0.963421
18958.000  0.935605
18960.000  0.973883
18962.000  0.957488
18964.000  0.921343
18966.000  0.970114
18968.000  0.961301
18970.000  0.877763
18972.000  0.954393
18974.000  0.970576
18976.000  0.97898
18978.000  0.992533
18980.000  0.993441
18982.000  0.986641
18984.000  0.968631
18986.000  0.846154
18988.000  0.831795
18990.000  0.973646
18992.000  0.99295
18994.000  0.989999
18996.000  0.988416
18998.000  0.853172
19000.000  0.699896
19002.000  0.93218
19004.000  0.992727
19006.000  0.970684
19008.000  0.979352
19010.000  0.962199
19012.000  0.977219
19014.000  0.987778
19016.000  0.97829
19018.000  0.803759
19020.000  0.819244
19022.000  0.921468
19024.000  0.974386
19026.000  0.967386
19028.000  0.973707
19030.000  0.900177
19032.000  0.920294
19034.000  0.98484
19036.000  0.989368
19038.000  0.986909
19040.000  0.985557
19042.000  0.985009
19044.000  0.969723
19046.000  0.865225
19048.000  0.960382
19050.000  0.995734
19052.000  0.996303
19054.000  0.995805
19056.000  0.994087
19058.000  0.992532
19060.000  0.986531
19062.000  0.987346
19064.000  0.988739
19066.000  0.986154
19068.000  0.98967
19070.000  0.987734
19072.000  0.976082
19074.000  0.972646
19076.000  0.96906
19078.000  0.983445
19080.000  0.946621
19082.000  0.873198
19084.000  0.909697
19086.000  0.939067
19088.000  0.969724
19090.000  0.988705
19092.000  0.959449
19094.000  0.91215
19096.000  0.947107
19098.000  0.975907
19100.000  0.918409
19102.000  0.923183
19104.000  0.923028
19106.000  0.952647
19108.000  0.947636
19110.000  0.885556
19112.000  0.892756
19114.000  0.785144
19116.000  0.921449
19118.000  0.983373
19120.000  0.991137
19122.000  0.982698
19124.000  0.98055
19126.000  0.983929
19128.000  0.985165
19130.000  0.967581
19132.000  0.972311
19134.000  0.988762
19136.000  0.978923
19138.000  0.977829
19140.000  0.987722
19142.000  0.982933
19144.000  0.990081
19146.000  0.987896
19148.000  0.987911
19150.000  0.987574
19152.000  0.960781
19154.000  0.967488
19156.000  0.944701
19158.000  0.94476
19160.000  0.944731
19162.000  0.938257
19164.000  0.948321
19166.000  0.960473
19168.000  0.976969
19170.000  0.970751
19172.000  0.964337
19174.000  0.943219
19176.000  0.934067
19178.000  0.974027
19180.000  0.976219
19182.000  0.971522
19184.000  0.980617
19186.000  0.97941
19188.000  0.970365
19190.000  0.980799
19192.000  0.94763
19194.000  0.803777
19196.000  0.925018
19198.000  0.975431
19200.000  0.981675
19202.000  0.993113
19204.000  0.985336
19206.000  0.980884
19208.000  0.956519
19210.000  0.965702
19212.000  0.982312
19214.000  0.98738
19216.000  0.985483
19218.000  0.960743
19220.000  0.940162
19222.000  0.981711
19224.000  0.995603
19226.000  0.996444
19228.000  0.995174
19230.000  0.991213
19232.000  0.991961
19234.000  0.987514
19236.000  0.986704
19238.000  0.984921
19240.000  0.970565
19242.000  0.984655
19244.000  0.985823
19246.000  0.980367
19248.000  0.98076
19250.000  0.978228
19252.000  0.985879
19254.000  0.923516
19256.000  0.950392
19258.000  0.980599
19260.000  0.906881
19262.000  0.953977
19264.000  0.988644
19266.000  0.986709
19268.000  0.970892
19270.000  0.985143
19272.000  0.987652
19274.000  0.985725
19276.000  0.986532
19278.000  0.946847
19280.000  0.890835
19282.000  0.919232
19284.000  0.898583
19286.000  0.983786
19288.000  0.990768
19290.000  0.974042
19292.000  0.971652
19294.000  0.952038
19296.000  0.961021
19298.000  0.934426
19300.000  0.918544
19302.000  0.906407
19304.000  0.885501
19306.000  0.924491
19308.000  0.792687
19310.000  0.683649
19312.000  0.923787
19314.000  0.953517
19316.000  0.942964
19318.000  0.948237
19320.000  0.899348
19322.000  0.964065
19324.000  0.988538
19326.000  0.981551
19328.000  0.967741
19330.000  0.981915
19332.000  0.981134
19334.000  0.931263
19336.000  0.888247
19338.000  0.978711
19340.000  0.981969
19342.000  0.950126
19344.000  0.947014
19346.000  0.975544
19348.000  0.985578
19350.000  0.983041
19352.000  0.964808
19354.000  0.941944
19356.000  0.978997
19358.000  0.98947
19360.000  0.980901
19362.000  0.983085
19364.000  0.965003
19366.000  0.977794
19368.000  0.982604
19370.000  0.974525
19372.000  0.988962
19374.000  0.989623
19376.000  0.962071
19378.000  0.974986
19380.000  0.969599
19382.000  0.937706
19384.000  0.888412
19386.000  0.84061
19388.000  0.924059
19390.000  0.930608
19392.000  0.946694
19394.000  0.939158
19396.000  0.969703
19398.000  0.971412
19400.000  0.960778
19402.000  0.935213
19404.000  0.911282
19406.000  0.915974
19408.000  0.923034
19410.000  0.92376
19412.000  0.894349
19414.000  0.951984
19416.000  0.947098
19418.000  0.913732
19420.000  0.93633
19422.000  0.945311
19424.000  0.908046
19426.000  0.887489
19428.000  0.934117
19430.000  0.859548
19432.000  0.818743
19434.000  0.829108
19436.000  0.901695
19438.000  0.915326
19440.000  0.928309
19442.000  0.934281
19444.000  0.896237
19446.000  0.844527
19448.000  0.872789
19450.000  0.844392
19452.000  0.655362
19454.000  0.715655
19456.000  0.916722
19458.000  0.92763
19460.000  0.965547
19462.000  0.927162
19464.000  0.95463
19466.000  0.956186
19468.000  0.911415
19470.000  0.901645
19472.000  0.928969
19474.000  0.941559
19476.000  0.910239
19478.000  0.952171
19480.000  0.865574
19482.000  0.8625
19484.000  0.964986
19486.000  0.978645
19488.000  0.939488
19490.000  0.926434
19492.000  0.837619
19494.000  0.826683
19496.000  0.918519
19498.000  0.928597
19500.000  0.954468
19502.000  0.945273
19504.000  0.842432
19506.000  0.655674
19508.000  0.793009
19510.000  0.887778
19512.000  0.85568
19514.000  0.888191
19516.000  0.914249
19518.000  0.944183
19520.000  0.918237
19522.000  0.913189
19524.000  0.910232
19526.000  0.943438
19528.000  0.929733
19530.000  0.938872
19532.000  0.943922
19534.000  0.906278
19536.000  0.912128
19538.000  0.925633
19540.000  0.959848
19542.000  0.920831
19544.000  0.930827
19546.000  0.953897
19548.000  0.987278
19550.000  0.939472
19552.000  0.929802
19554.000  0.946976
19556.000  0.897818
19558.000  0.971474
19560.000  0.960243
19562.000  0.982116
19564.000  0.957905
19566.000  0.962874
19568.000  0.940097
19570.000  0.939684
19572.000  0.974717
19574.000  0.969004
19576.000  0.922088
19578.000  0.957005
19580.000  0.974776
19582.000  0.920233
19584.000  0.810261
19586.000  0.715302
19588.000  0.930838
19590.000  0.976861
19592.000  0.903078
19594.000  0.9302
19596.000  0.935773
19598.000  0.928876
19600.000  0.913422
19602.000  0.976475
19604.000  0.946631
19606.000  0.939979
19608.000  0.981621
19610.000  0.912901
19612.000  0.880632
19614.000  0.873176
19616.000  0.937027
19618.000  0.942067
19620.000  0.980725
19622.000  0.931517
19624.000  0.845329
19626.000  0.81569
19628.000  0.888946
19630.000  0.934445
19632.000  0.940116
19634.000  0.873567
19636.000  0.873564
19638.000  0.924713
19640.000  0.92059
19642.000  0.938558
19644.000  0.918003
19646.000  0.940991
19648.000  0.912043
19650.000  0.94214
19652.000  0.928572
19654.000  0.967074
19656.000  0.972713
19658.000  0.94701
19660.000  0.94063
19662.000  0.954787
19664.000  0.945296
19666.000  0.927951
19668.000  0.950044
19670.000  0.927731
19672.000  0.882035
19674.000  0.899483
19676.000  0.945483
19678.000  0.972468
19680.000  0.915684
19682.000  0.949206
19684.000  0.901843
19686.000  0.876456
19688.000  0.963122
19690.000  0.929493
19692.000  0.975266
19694.000  0.936821
19696.000  0.936119
19698.000  0.96303
19700.000  0.889618
19702.000  0.895282
19704.000  0.961553
19706.000  0.973105
19708.000  0.946605
19710.000  0.716307
19712.000  0.550495
19714.000  0.811625
19716.000  0.892747
19718.000  0.88499
19720.000  0.910832
19722.000  0.765249
19724.000  0.809563
19726.000  0.945837
19728.000  0.85791
19730.000  0.889435
19732.000  0.906948
19734.000  0.828392
19736.000  0.904182
19738.000  0.867648
19740.000  0.868081
19742.000  0.898744
19744.000  0.936457
19746.000  0.932775
19748.000  0.9006
19750.000  0.921662
19752.000  0.893161
19754.000  0.940736
19756.000  0.914377
19758.000  0.923851
19760.000  0.950059
19762.000  0.920052
19764.000  0.94015
19766.000  0.924811
19768.000  0.927865
19770.000  0.865443
19772.000  0.856658
19774.000  0.890265
19776.000  0.615478
19778.000  0.63618
19780.000  0.894744
19782.000  0.962153
19784.000  0.985474
19786.000  0.942288
19788.000  0.916861
19790.000  0.938733
19792.000  0.773163
19794.000  0.910944
19796.000  0.948133
19798.000  0.937267
19800.000  0.942727
19802.000  0.925112
19804.000  0.894689
19806.000  0.915867
19808.000  0.959139
19810.000  0.988575
19812.000  0.981537
19814.000  0.912219
19816.000  0.875197
19818.000  0.897053
19820.000  0.90282
19822.000  0.924732
19824.000  0.923252
19826.000  0.951194
19828.000  0.955459
19830.000  0.979596
19832.000  0.93122
19834.000  0.948413
19836.000  0.986325
19838.000  0.948172
19840.000  0.909373
19842.000  0.956715
19844.000  0.972774
19846.000  0.91261
19848.000  0.904781
19850.000  0.849137
19852.000  0.791643
19854.000  0.827596
19856.000  0.974997
19858.000  0.979412
19860.000  0.897073
19862.000  0.678051
19864.000  0.823068
19866.000  0.921704
19868.000  0.929124
19870.000  0.952298
19872.000  0.947989
19874.000  0.95569
19876.000  0.94374
19878.000  0.96796
19880.000  0.934335
19882.000  0.876191
19884.000  0.905936
19886.000  0.93407
19888.000  0.968435
19890.000  0.940438
19892.000  0.92918
19894.000  0.946626
19896.000  0.937754
19898.000  0.943763
19900.000  0.967221
19902.000  0.939404
19904.000  0.951906
19906.000  0.963411
19908.000  0.972736
19910.000  0.95437
19912.000  0.913336
19914.000  0.905653
19916.000  0.868415
19918.000  0.791181
19920.000  0.908979
19922.000  0.920757
19924.000  0.903993
19926.000  0.890569
19928.000  0.863271
19930.000  0.912814
19932.000  0.90742
19934.000  0.779719
19936.000  0.949781
19938.000  0.991266
19940.000  0.952932
19942.000  0.947023
19944.000  0.932776
19946.000  0.873362
19948.000  0.898445
19950.000  0.87477
19952.000  0.941115
19954.000  0.920241
19956.000  0.888717
19958.000  0.947829
19960.000  0.919446
19962.000  0.821282
19964.000  0.960116
19966.000  0.992962
19968.000  0.964274
19970.000  0.865229
19972.000  0.845138
19974.000  0.828046
19976.000  0.843372
19978.000  0.79358
19980.000  0.894484
19982.000  0.92074
19984.000  0.988663
19986.000  0.978219
19988.000  0.939072
19990.000  0.948855
19992.000  0.886176
19994.000  0.923955
19996.000  0.932973
19998.000  0.883336
20000.000  0.88228
20002.000  0.936847
20004.000  0.943889
20006.000  0.944484
20008.000  0.890756
20010.000  0.922865
20012.000  0.898576
20014.000  0.942995
20016.000  0.952089
20018.000  0.981005
20020.000  0.964554
20022.000  0.933172
20024.000  0.842881
20026.000  0.842144
20028.000  0.90683
20030.000  0.898881
20032.000  0.888987
20034.000  0.901542
20036.000  0.903187
20038.000  0.932768
20040.000  0.956704
20042.000  0.964356
20044.000  0.975856
20046.000  0.975502
20048.000  0.95099
20050.000  0.882613
20052.000  0.86154
20054.000  0.846754
20056.000  0.894322
20058.000  0.944125
20060.000  0.959084
20062.000  0.964716
20064.000  0.971482
20066.000  0.959065
20068.000  0.959096
20070.000  0.869689
20072.000  0.900123
20074.000  0.93008
20076.000  0.940485
20078.000  0.91712
20080.000  0.918792
20082.000  0.946918
20084.000  0.928125
20086.000  0.919258
20088.000  0.893215
20090.000  0.927937
20092.000  0.937456
20094.000  0.919362
20096.000  0.951915
20098.000  0.956972
20100.000  0.981984
20102.000  0.956012
20104.000  0.946505
20106.000  0.956867
20108.000  0.956171
20110.000  0.89758
20112.000  0.901209
20114.000  0.950028
20116.000  0.982345
20118.000  0.95065
20120.000  0.924793
20122.000  0.972381
20124.000  0.924276
20126.000  0.913974
20128.000  0.958619
20130.000  0.883541
20132.000  0.925955
20134.000  0.952182
20136.000  0.913958
20138.000  0.969063
20140.000  0.987544
20142.000  0.964059
20144.000  0.9664
20146.000  0.933499
20148.000  0.958806
20150.000  0.97623
20152.000  0.908116
20154.000  0.908088
20156.000  0.944384
20158.000  0.921316
20160.000  0.971774
20162.000  0.976772
20164.000  0.907739
20166.000  0.885296
20168.000  0.86642
20170.000  0.802117
20172.000  0.909827
20174.000  0.905527
20176.000  0.958689
20178.000  0.934222
20180.000  0.89731
20182.000  0.943753
20184.000  0.880017
20186.000  0.879457
20188.000  0.892613
20190.000  0.921194
20192.000  0.953563
20194.000  0.928925
20196.000  0.907736
20198.000  0.862271
20200.000  0.898861
20202.000  0.929887
20204.000  0.900339
20206.000  0.858038
20208.000  0.831479
20210.000  0.802617
20212.000  0.867954
20214.000  0.908643
20216.000  0.901144
20218.000  0.897335
20220.000  0.943428
20222.000  0.943485
20224.000  0.925681
20226.000  0.929834
20228.000  0.941388
20230.000  0.931509
20232.000  0.947595
20234.000  0.956964
20236.000  0.947591
20238.000  0.854104
20240.000  0.620877
20242.000  0.603888
20244.000  0.882173
20246.000  0.932122
20248.000  0.916147
20250.000  0.87768
20252.000  0.914962
20254.000  0.926446
20256.000  0.8792
20258.000  0.936559
20260.000  0.979803
20262.000  0.954366
20264.000  0.880235
20266.000  0.922329
20268.000  0.96703
20270.000  0.952918
20272.000  0.94058
20274.000  0.968448
20276.000  0.953724
20278.000  0.962708
20280.000  0.889848
20282.000  0.830353
20284.000  0.869375
20286.000  0.89473
20288.000  0.894987
20290.000  0.903365
20292.000  0.923909
20294.000  0.878881
20296.000  0.802337
20298.000  0.852081
20300.000  0.873662
20302.000  0.821873
20304.000  0.923045
20306.000  0.948875
20308.000  0.949381
20310.000  0.95362
20312.000  0.924651
20314.000  0.89885
20316.000  0.914086
20318.000  0.88027
20320.000  0.88855
20322.000  0.945381
20324.000  0.938671
20326.000  0.917241
20328.000  0.932445
20330.000  0.94854
20332.000  0.926852
20334.000  0.893354
20336.000  0.92129
20338.000  0.891272
20340.000  0.918192
20342.000  0.901514
20344.000  0.782247
20346.000  0.859774
20348.000  0.918365
20350.000  0.848644
20352.000  0.881662
20354.000  0.920591
20356.000  0.989511
20358.000  0.966848
20360.000  0.971195
20362.000  0.962969
20364.000  0.903064
20366.000  0.895156
20368.000  0.88904
20370.000  0.911287
20372.000  0.90718
20374.000  0.885824
20376.000  0.880153
20378.000  0.848739
20380.000  0.900003
20382.000  0.850891
20384.000  0.887297
20386.000  0.884619
20388.000  0.96191
20390.000  0.93659
20392.000  0.921359
20394.000  0.915783
20396.000  0.893237
20398.000  0.955647
20400.000  0.949516
20402.000  0.931336
20404.000  0.924872
20406.000  0.894444
20408.000  0.940813
20410.000  0.936203
20412.000  0.893631
20414.000  0.906706
20416.000  0.946055
20418.000  0.90441
20420.000  0.888237
20422.000  0.94374
20424.000  0.901614
20426.000  0.932877
20428.000  0.930683
20430.000  0.929813
20432.000  0.93455
20434.000  0.931459
20436.000  0.922664
20438.000  0.903416
20440.000  0.876594
20442.000  0.854905
20444.000  0.89939
20446.000  0.893068
20448.000  0.935345
20450.000  0.940969
20452.000  0.892687
20454.000  0.909429
20456.000  0.936278
20458.000  0.908111
20460.000  0.964538
20462.000  0.933327
20464.000  0.947794
20466.000  0.951532
20468.000  0.864228
20470.000  0.855282
20472.000  0.893768
20474.000  0.931575
20476.000  0.943817
20478.000  0.944591
20480.000  0.905272
20482.000  0.900029
20484.000  0.924695
20486.000  0.966433
20488.000  0.920895
20490.000  0.836968
20492.000  0.907714
20494.000  0.959202
20496.000  0.93625
20498.000  0.929915
20500.000  0.949248
20502.000  0.890814
20504.000  0.88647
20506.000  0.890308
20508.000  0.935596
20510.000  0.930484
20512.000  0.937915
20514.000  0.965882
20516.000  0.927638
20518.000  0.954956
20520.000  0.895183
20522.000  0.811612
20524.000  0.887386
20526.000  0.903827
20528.000  0.89123
20530.000  0.89654
20532.000  0.929144
20534.000  0.897286
20536.000  0.939051
20538.000  0.8844
20540.000  0.892711
20542.000  0.875475
20544.000  0.916201
20546.000  0.938768
20548.000  0.894459
20550.000  0.945843
20552.000  0.958523
20554.000  0.876659
20556.000  0.909507
20558.000  0.928765
20560.000  0.901495
20562.000  0.907555
20564.000  0.883301
20566.000  0.921753
20568.000  0.943208
20570.000  0.946695
20572.000  0.934058
20574.000  0.946023
20576.000  0.916243
20578.000  0.903595
20580.000  0.905695
20582.000  0.848906
20584.000  0.81677
20586.000  0.870163
20588.000  0.908144
20590.000  0.952914
20592.000  0.971866
20594.000  0.904545
20596.000  0.862756
20598.000  0.881099
20600.000  0.89722
20602.000  0.882835
20604.000  0.912432
20606.000  0.904235
20608.000  0.872012
20610.000  0.932091
20612.000  0.93687
20614.000  0.934899
20616.000  0.935547
20618.000  0.944915
20620.000  0.935342
20622.000  0.986957
20624.000  0.994929
20626.000  0.903596
20628.000  0.697898
20630.000  0.781714
20632.000  0.703855
20634.000  0.858876
20636.000  0.891832
20638.000  0.875254
20640.000  0.867442
20642.000  0.876241
20644.000  0.907622
20646.000  0.935931
20648.000  0.934764
20650.000  0.900257
20652.000  0.919783
20654.000  0.969989
20656.000  0.942449
20658.000  0.917032
20660.000  0.962872
20662.000  0.98128
20664.000  0.96934
20666.000  0.919331
20668.000  0.87425
20670.000  0.897175
20672.000  0.967542
20674.000  0.967607
20676.000  0.920147
20678.000  0.966645
20680.000  0.961015
20682.000  0.932459
20684.000  0.909355
20686.000  0.936954
20688.000  0.954331
20690.000  0.946537
20692.000  0.880732
20694.000  0.856915
20696.000  0.877544
20698.000  0.805899
20700.000  0.850019
20702.000  0.851431
20704.000  0.895616
20706.000  0.924831
20708.000  0.920291
20710.000  0.927266
20712.000  0.872855
20714.000  0.895402
20716.000  0.900255
20718.000  0.906443
20720.000  0.971844
20722.000  0.932205
20724.000  0.928314
20726.000  0.961192
20728.000  0.986722
20730.000  0.966967
20732.000  0.924146
20734.000  0.889544
20736.000  0.901781
20738.000  0.905705
20740.000  0.915689
20742.000  0.883373
20744.000  0.902294
20746.000  0.945555
20748.000  0.94646
20750.000  0.916384
20752.000  0.917753
20754.000  0.917962
20756.000  0.939649
20758.000  0.963918
20760.000  0.9415
20762.000  0.877238
20764.000  0.948353
20766.000  0.954216
20768.000  0.909588
20770.000  0.959676
20772.000  0.928705
20774.000  0.884482
20776.000  0.940314
20778.000  0.921075
20780.000  0.922775
20782.000  0.941707
20784.000  0.977909
20786.000  0.943051
20788.000  0.84813
20790.000  0.933751
20792.000  0.921282
20794.000  0.934671
20796.000  0.933957
20798.000  0.886957
20800.000  0.826211
20802.000  0.923692
20804.000  0.899242
20806.000  0.899484
20808.000  0.894373
20810.000  0.898008
20812.000  0.911326
20814.000  0.895138
20816.000  0.903144
20818.000  0.9062
20820.000  0.852977
20822.000  0.920367
20824.000  0.931088
20826.000  0.932229
20828.000  0.89508
20830.000  0.919253
20832.000  0.842331
20834.000  0.836052
20836.000  0.953374
20838.000  0.979978
20840.000  0.885343
20842.000  0.878993
20844.000  0.916396
20846.000  0.924916
20848.000  0.921324
20850.000  0.918163
20852.000  0.930597
20854.000  0.948243
20856.000  0.970788
20858.000  0.988554
20860.000  0.933641
20862.000  0.924003
20864.000  0.934939
20866.000  0.918827
20868.000  0.929881
20870.000  0.957751
20872.000  0.953604
20874.000  0.917195
20876.000  0.881555
20878.000  0.873575
20880.000  0.894022
20882.000  0.906498
20884.000  0.934923
20886.000  0.862081
20888.000  0.871588
20890.000  0.905721
20892.000  0.934625
20894.000  0.98044
20896.000  0.97218
20898.000  0.953173
20900.000  0.93999
20902.000  0.887629
20904.000  0.867914
20906.000  0.861181
20908.000  0.859687
20910.000  0.923937
20912.000  0.937284
20914.000  0.951132
20916.000  0.890503
20918.000  0.867993
20920.000  0.957791
20922.000  0.925757
20924.000  0.940752
20926.000  0.883917
20928.000  0.864362
20930.000  0.888001
20932.000  0.968898
20934.000  0.967331
20936.000  0.956451
20938.000  0.882178
20940.000  0.937589
20942.000  0.972077
20944.000  0.930579
20946.000  0.953502
20948.000  0.889517
20950.000  0.897089
20952.000  0.881795
20954.000  0.875204
20956.000  0.871496
20958.000  0.902446
20960.000  0.945202
20962.000  0.843127
20964.000  0.87868
20966.000  0.967203
20968.000  0.976993
20970.000  0.886172
20972.000  0.775952
20974.000  0.858616
20976.000  0.973427
20978.000  0.985994
20980.000  0.986445
20982.000  0.955725
20984.000  0.920975
20986.000  0.938056
20988.000  0.937802
20990.000  0.901749
20992.000  0.906119
20994.000  0.923336
20996.000  0.909838
20998.000  0.95652
21000.000  0.973617
21002.000  0.98888
21004.000  0.95877
21006.000  0.874578
21008.000  0.90166
21010.000  0.885614
21012.000  0.874883
21014.000  0.891285
21016.000  0.910761
21018.000  0.947956
21020.000  0.927491
21022.000  0.912205
21024.000  0.904925
21026.000  0.957211
21028.000  0.951229
21030.000  0.947546
21032.000  0.922004
21034.000  0.933826
21036.000  0.956254
21038.000  0.975764
21040.000  0.948086
21042.000  0.899525
21044.000  0.909166
21046.000  0.919813
21048.000  0.962116
21050.000  0.926869
21052.000  0.926519
21054.000  0.951782
21056.000  0.928242
21058.000  0.935276
21060.000  0.93297
21062.000  0.915259
21064.000  0.883217
21066.000  0.818957
21068.000  0.915637
21070.000  0.907166
21072.000  0.872278
21074.000  0.909675
21076.000  0.920758
21078.000  0.917907
21080.000  0.913426
21082.000  0.905322
21084.000  0.911159
21086.000  0.92183
21088.000  0.924984
21090.000  0.919044
21092.000  0.826886
21094.000  0.82115
21096.000  0.913772
21098.000  0.948747
21100.000  0.951248
21102.000  0.953427
21104.000  0.920584
21106.000  0.911528
21108.000  0.90242
21110.000  0.905416
21112.000  0.883807
21114.000  0.874986
21116.000  0.96859
21118.000  0.933818
21120.000  0.897684
21122.000  0.935428
21124.000  0.877714
21126.000  0.924187
21128.000  0.927069
21130.000  0.932648
21132.000  0.950118
21134.000  0.94451
21136.000  0.944345
21138.000  0.944089
21140.000  0.869601
21142.000  0.917024
21144.000  0.933389
21146.000  0.913994
21148.000  0.907165
21150.000  0.933032
21152.000  0.928707
21154.000  0.894859
21156.000  0.888152
21158.000  0.936478
21160.000  0.881213
21162.000  0.847359
21164.000  0.749539
21166.000  0.895524
21168.000  0.911108
21170.000  0.96081
21172.000  0.948341
21174.000  0.926441
21176.000  0.95214
21178.000  0.8541
21180.000  0.903482
21182.000  0.961743
21184.000  0.963956
21186.000  0.942623
21188.000  0.951797
21190.000  0.930085
21192.000  0.890454
21194.000  0.874357
21196.000  0.847851
21198.000  0.93073
21200.000  0.927346
21202.000  0.896448
21204.000  0.898089
21206.000  0.899405
21208.000  0.913838
21210.000  0.911696
21212.000  0.897135
21214.000  0.92946
21216.000  0.9413
21218.000  0.93741
21220.000  0.946669
21222.000  0.94435
21224.000  0.932283
21226.000  0.865811
21228.000  0.944044
21230.000  0.975833
21232.000  0.881193
21234.000  0.829842
21236.000  0.951615
21238.000  0.892312
21240.000  0.927894
21242.000  0.957757
21244.000  0.878097
21246.000  0.858625
21248.000  0.903121
21250.000  0.933436
21252.000  0.968222
21254.000  0.941621
21256.000  0.953619
21258.000  0.936155
21260.000  0.836148
21262.000  0.885954
21264.000  0.955349
21266.000  0.910254
21268.000  0.914889
21270.000  0.96668
21272.000  0.976722
21274.000  0.936085
21276.000  0.902539
21278.000  0.921685
21280.000  0.924594
21282.000  0.924526
21284.000  0.869045
21286.000  0.911967
21288.000  0.921267
21290.000  0.88776
21292.000  0.933267
21294.000  0.966573
21296.000  0.905526
21298.000  0.903225
21300.000  0.939451
21302.000  0.979984
21304.000  0.970398
21306.000  0.947494
21308.000  0.883262
21310.000  0.861439
21312.000  0.955846
21314.000  0.957603
21316.000  0.944482
21318.000  0.909916
21320.000  0.918021
21322.000  0.935888
21324.000  0.919655
21326.000  0.939761
21328.000  0.94666
21330.000  0.972758
21332.000  0.904775
21334.000  0.922707
21336.000  0.926276
21338.000  0.880715
21340.000  0.891252
21342.000  0.93315
21344.000  0.909094
21346.000  0.917453
21348.000  0.948424
21350.000  0.893039
21352.000  0.8861
21354.000  0.80699
21356.000  0.86617
21358.000  0.960848
21360.000  0.971219
21362.000  0.92232
21364.000  0.915085
21366.000  0.954853
21368.000  0.953329
21370.000  0.961267
21372.000  0.928946
21374.000  0.931314
21376.000  0.955081
21378.000  0.949527
21380.000  0.931123
21382.000  0.944775
21384.000  0.941436
21386.000  0.925134
21388.000  0.9379
21390.000  0.923266
21392.000  0.935444
21394.000  0.945294
21396.000  0.909371
21398.000  0.885413
21400.000  0.933485
21402.000  0.963854
21404.000  0.926132
21406.000  0.909654
21408.000  0.950826
21410.000  0.97561
21412.000  0.923708
21414.000  0.911117
21416.000  0.914902
21418.000  0.918473
21420.000  0.929166
21422.000  0.964706
21424.000  0.95218
21426.000  0.932138
21428.000  0.936787
21430.000  0.96492
21432.000  0.958278
21434.000  0.934488
21436.000  0.912584
21438.000  0.91344
21440.000  0.928381
21442.000  0.953501
21444.000  0.957653
21446.000  0.966977
21448.000  0.932496
21450.000  0.902747
21452.000  0.833062
21454.000  0.855611
21456.000  0.894851
21458.000  0.901064
21460.000  0.89223
21462.000  0.932128
21464.000  0.907339
21466.000  0.935826
21468.000  0.946685
21470.000  0.936312
21472.000  0.915407
21474.000  0.938604
21476.000  0.949199
21478.000  0.940852
21480.000  0.945074
21482.000  0.944102
21484.000  0.852044
21486.000  0.816304
21488.000  0.868777
21490.000  0.929995
21492.000  0.956558
21494.000  0.965184
21496.000  0.971075
21498.000  0.953602
21500.000  0.96073
21502.000  0.958043
21504.000  0.965535
21506.000  0.954641
21508.000  0.942169
21510.000  0.934815
21512.000  0.949407
21514.000  0.923067
21516.000  0.896441
21518.000  0.934015
21520.000  0.921093
21522.000  0.884095
21524.000  0.903372
21526.000  0.916227
21528.000  0.922617
21530.000  0.954182
21532.000  0.944409
21534.000  0.906833
21536.000  0.903452
21538.000  0.913194
21540.000  0.896959
21542.000  0.899962
21544.000  0.898216
21546.000  0.966944
21548.000  0.951995
21550.000  0.947697
21552.000  0.959063
21554.000  0.97837
21556.000  0.937539
21558.000  0.926214
21560.000  0.94942
21562.000  0.927077
21564.000  0.829645
21566.000  0.911591
21568.000  0.979232
21570.000  0.966921
21572.000  0.942479
21574.000  0.896093
21576.000  0.913158
21578.000  0.928542
21580.000  0.940569
21582.000  0.921438
21584.000  0.92576
21586.000  0.888066
21588.000  0.934092
21590.000  0.944655
21592.000  0.919503
21594.000  0.873718
21596.000  0.896872
21598.000  0.915904
21600.000  0.952172
21602.000  0.939745
21604.000  0.941244
21606.000  0.936075
21608.000  0.951697
21610.000  0.973619
21612.000  0.948449
21614.000  0.919665
21616.000  0.950586
21618.000  0.96632
21620.000  0.960943
21622.000  0.930595
21624.000  0.973008
21626.000  0.973618
21628.000  0.914317
21630.000  0.91392
21632.000  0.946065
21634.000  0.88602
21636.000  0.905014
21638.000  0.899022
21640.000  0.873133
21642.000  0.932326
21644.000  0.91742
21646.000  0.907506
21648.000  0.890846
21650.000  0.907581
21652.000  0.910251
21654.000  0.880675
21656.000  0.881476
21658.000  0.888897
21660.000  0.896434
21662.000  0.93069
21664.000  0.953942
21666.000  0.926116
21668.000  0.881045
21670.000  0.875365
21672.000  0.897876
21674.000  0.899026
21676.000  0.929138
21678.000  0.945665
21680.000  0.960201
21682.000  0.965804
21684.000  0.972796
21686.000  0.956455
21688.000  0.969016
21690.000  0.958781
21692.000  0.946341
21694.000  0.943421
21696.000  0.941519
21698.000  0.926513
21700.000  0.949404
21702.000  0.925441
21704.000  0.8887
21706.000  0.874431
21708.000  0.864595
21710.000  0.951357
21712.000  0.975601
21714.000  0.901467
21716.000  0.917248
21718.000  0.939381
21720.000  0.967271
21722.000  0.952259
21724.000  0.915936
21726.000  0.918236
21728.000  0.920962
21730.000  0.706641
21732.000  0.851653
21734.000  0.935744
21736.000  0.919132
21738.000  0.955549
21740.000  0.949224
21742.000  0.942922
21744.000  0.956419
21746.000  0.955007
21748.000  0.94831
21750.000  0.925721
21752.000  0.96169
21754.000  0.934523
21756.000  0.90194
21758.000  0.893811
21760.000  0.835377
21762.000  0.883277
21764.000  0.95497
21766.000  0.906404
21768.000  0.867269
21770.000  0.910717
21772.000  0.931199
21774.000  0.934501
21776.000  0.950247
21778.000  0.935012
21780.000  0.81985
21782.000  0.769467
21784.000  0.859485
21786.000  0.947311
21788.000  0.91942
21790.000  0.942794
21792.000  0.960041
21794.000  0.888098
21796.000  0.935244
21798.000  0.978951
21800.000  0.973081
21802.000  0.948085
21804.000  0.935834
21806.000  0.918785
21808.000  0.941087
21810.000  0.901288
21812.000  0.768305
21814.000  0.885933
21816.000  0.834056
21818.000  0.846428
21820.000  0.843609
21822.000  0.934668
21824.000  0.941164
21826.000  0.920979
21828.000  0.955369
21830.000  0.974991
21832.000  0.953291
21834.000  0.918491
21836.000  0.924844
21838.000  0.922668
21840.000  0.90024
21842.000  0.870572
21844.000  0.919552
21846.000  0.954056
21848.000  0.929274
21850.000  0.957134
21852.000  0.92828
21854.000  0.915832
21856.000  0.939149
21858.000  0.953654
21860.000  0.972035
21862.000  0.921186
21864.000  0.906658
21866.000  0.929717
21868.000  0.96887
21870.000  0.948696
21872.000  0.933952
21874.000  0.918627
21876.000  0.933683
21878.000  0.855822
21880.000  0.839607
21882.000  0.956173
21884.000  0.951229
21886.000  0.969414
21888.000  0.979466
21890.000  0.941357
21892.000  0.940697
21894.000  0.885088
21896.000  0.805693
21898.000  0.828619
21900.000  0.943594
21902.000  0.94399
21904.000  0.92647
21906.000  0.906297
21908.000  0.936175
21910.000  0.93921
21912.000  0.979113
21914.000  0.964859
21916.000  0.949704
21918.000  0.941983
21920.000  0.953248
21922.000  0.960974
21924.000  0.928365
21926.000  0.920044
21928.000  0.94771
21930.000  0.967289
21932.000  0.940974
21934.000  0.913205
21936.000  0.917874
21938.000  0.946349
21940.000  0.917846
21942.000  0.902247
21944.000  0.951418
21946.000  0.927527
21948.000  0.930394
21950.000  0.944353
21952.000  0.964187
21954.000  0.914275
21956.000  0.938984
21958.000  0.980647
21960.000  0.960984
21962.000  0.942811
21964.000  0.943493
21966.000  0.950785
21968.000  0.947627
21970.000  0.90976
21972.000  0.917778
21974.000  0.930726
21976.000  0.941794
21978.000  0.945483
21980.000  0.932647
21982.000  0.918874
21984.000  0.9621
21986.000  0.952252
21988.000  0.936619
21990.000  0.956533
21992.000  0.958293
21994.000  0.962478
21996.000  0.931611
21998.000  0.956267
22000.000  0.955964
22002.000  0.92191
22004.000  0.807862
22006.000  0.896717
22008.000  0.942992
22010.000  0.941733
22012.000  0.909365
22014.000  0.911213
22016.000  0.944583
22018.000  0.953759
22020.000  0.936902
22022.000  0.9348
22024.000  0.901923
22026.000  0.936237
22028.000  0.940264
22030.000  0.931901
22032.000  0.948403
22034.000  0.978127
22036.000  0.992322
22038.000  0.993215
22040.000  0.96472
22042.000  0.93609
22044.000  0.920646
22046.000  0.94574
22048.000  0.952504
22050.000  0.795288
22052.000  0.543792
22054.000  0.800826
22056.000  0.774058
22058.000  0.865035
22060.000  0.907676
22062.000  0.821692
22064.000  0.648888
22066.000  0.64992
22068.000  0.852906
22070.000  0.937637
22072.000  0.9148
22074.000  0.918114
22076.000  0.93754
22078.000  0.934177
22080.000  0.931147
22082.000  0.87975
22084.000  0.776954
22086.000  0.922757
22088.000  0.920305
22090.000  0.898039
22092.000  0.892318
22094.000  0.949841
22096.000  0.954606
22098.000  0.940701
22100.000  0.915145
22102.000  0.938237
22104.000  0.946195
22106.000  0.944014
22108.000  0.987141
22110.000  0.979627
22112.000  0.91258
22114.000  0.942085
22116.000  0.967419
22118.000  0.937014
22120.000  0.938042
22122.000  0.942696
22124.000  0.965442
22126.000  0.930027
22128.000  0.945377
22130.000  0.963668
22132.000  0.967828
22134.000  0.946365
22136.000  0.915576
22138.000  0.921077
22140.000  0.960296
22142.000  0.95593
22144.000  0.944726
22146.000  0.909603
22148.000  0.940113
22150.000  0.943128
22152.000  0.937381
22154.000  0.950981
22156.000  0.917759
22158.000  0.900854
22160.000  0.937771
22162.000  0.964607
22164.000  0.97438
22166.000  0.965736
22168.000  0.969681
22170.000  0.974149
22172.000  0.958013
22174.000  0.976543
22176.000  0.945859
22178.000  0.889537
22180.000  0.947937
22182.000  0.980682
22184.000  0.983602
22186.000  0.969445
22188.000  0.95455
22190.000  0.967185
22192.000  0.948259
22194.000  0.91832
22196.000  0.950843
22198.000  0.936866
22200.000  0.950604
22202.000  0.937912
22204.000  0.93774
22206.000  0.828391
22208.000  0.814327
22210.000  0.824406
22212.000  0.884407
22214.000  0.951633
22216.000  0.921602
22218.000  0.915309
22220.000  0.936839
22222.000  0.981581
22224.000  0.997788
22226.000  0.984894
22228.000  0.935594
22230.000  0.936559
22232.000  0.863735
22234.000  0.850249
22236.000  0.918465
22238.000  0.949099
22240.000  0.965462
22242.000  0.947369
22244.000  0.925513
22246.000  0.94651
22248.000  0.959218
22250.000  0.969766
22252.000  0.937093
22254.000  0.940805
22256.000  0.906467
22258.000  0.883644
22260.000  0.879591
22262.000  0.914273
22264.000  0.915732
22266.000  0.828239
22268.000  0.866409
22270.000  0.945071
22272.000  0.943835
22274.000  0.831724
22276.000  0.879119
22278.000  0.837004
22280.000  0.912049
22282.000  0.953328
22284.000  0.972731
22286.000  0.969429
22288.000  0.946908
22290.000  0.948621
22292.000  0.950665
22294.000  0.91941
22296.000  0.886848
22298.000  0.830889
22300.000  0.911812
22302.000  0.934228
22304.000  0.968904
22306.000  0.964168
22308.000  0.873689
22310.000  0.781172
22312.000  0.898035
22314.000  0.968308
22316.000  0.940038
22318.000  0.954236
22320.000  0.97497
22322.000  0.97209
22324.000  0.971854
22326.000  0.976365
22328.000  0.993743
22330.000  0.983903
22332.000  0.970013
22334.000  0.958823
22336.000  0.951117
22338.000  0.954099
22340.000  0.92246
22342.000  0.919036
22344.000  0.963421
22346.000  0.93797
22348.000  0.920909
22350.000  0.950028
22352.000  0.952327
22354.000  0.946526
22356.000  0.952239
22358.000  0.94049
22360.000  0.922032
22362.000  0.962803
22364.000  0.975731
22366.000  0.953862
22368.000  0.941345
22370.000  0.948981
22372.000  0.938654
22374.000  0.927965
22376.000  0.916325
22378.000  0.924072
22380.000  0.867137
22382.000  0.901704
22384.000  0.92569
22386.000  0.925389
22388.000  0.920891
22390.000  0.812529
22392.000  0.839128
22394.000  0.719774
22396.000  0.856787
22398.000  0.947324
22400.000  0.933394
22402.000  0.95125
22404.000  0.932917
22406.000  0.950083
22408.000  0.95562
22410.000  0.965226
22412.000  0.972695
22414.000  0.933403
22416.000  0.933276
22418.000  0.939749
22420.000  0.885815
22422.000  0.921544
22424.000  0.922022
22426.000  0.927323
22428.000  0.941387
22430.000  0.944705
22432.000  0.944029
22434.000  0.95938
22436.000  0.954411
22438.000  0.952246
22440.000  0.948519
22442.000  0.888889
22444.000  0.84351
22446.000  0.964815
22448.000  0.994301
22450.000  0.9778
22452.000  0.96239
22454.000  0.946955
22456.000  0.931189
22458.000  0.959358
22460.000  0.945958
22462.000  0.92885
22464.000  0.946193
22466.000  0.979039
22468.000  0.942537
22470.000  0.936716
22472.000  0.885005
22474.000  0.862496
22476.000  0.945696
22478.000  0.913267
22480.000  0.931575
22482.000  0.9707
22484.000  0.92957
22486.000  0.956184
22488.000  0.903438
22490.000  0.939965
22492.000  0.94041
22494.000  0.920622
22496.000  0.967514
22498.000  0.963329
22500.000  0.968073
22502.000  0.943791
22504.000  0.937461
22506.000  0.941054
22508.000  0.931791
22510.000  0.96036
22512.000  0.96608
22514.000  0.934668
22516.000  0.946488
22518.000  0.943447
22520.000  0.962596
22522.000  0.945506
22524.000  0.959601
22526.000  0.952046
22528.000  0.976653
22530.000  0.994221
22532.000  0.974884
22534.000  0.920866
22536.000  0.867651
22538.000  0.851766
22540.000  0.94122
22542.000  0.925679
22544.000  0.850542
22546.000  0.934057
22548.000  0.946301
22550.000  0.965185
22552.000  0.926184
22554.000  0.95045
22556.000  0.95066
22558.000  0.967174
22560.000  0.964364
22562.000  0.964909
22564.000  0.929011
22566.000  0.955021
22568.000  0.955401
22570.000  0.929542
22572.000  0.947522
22574.000  0.945237
22576.000  0.958123
22578.000  0.970417
22580.000  0.957671
22582.000  0.961928
22584.000  0.964487
22586.000  0.950546
22588.000  0.967672
22590.000  0.969402
22592.000  0.939964
22594.000  0.938028
22596.000  0.945026
22598.000  0.945489
22600.000  0.969118
22602.000  0.987292
22604.000  0.971579
22606.000  0.939767
22608.000  0.836972
22610.000  0.836699
22612.000  0.876513
22614.000  0.940937
22616.000  0.935066
22618.000  0.908178
22620.000  0.775997
22622.000  0.854659
22624.000  0.881534
22626.000  0.831175
22628.000  0.910631
22630.000  0.937292
22632.000  0.875972
22634.000  0.902464
22636.000  0.76363
22638.000  0.77409
22640.000  0.950015
22642.000  0.965259
22644.000  0.953564
22646.000  0.960993
22648.000  0.972566
22650.000  0.901247
22652.000  0.84827
22654.000  0.884489
22656.000  0.744977
22658.000  0.783053
22660.000  0.937769
22662.000  0.971526
22664.000  0.962954
22666.000  0.939473
22668.000  0.952629
22670.000  0.975354
22672.000  0.958933
22674.000  0.954216
22676.000  0.946351
22678.000  0.950258
22680.000  0.933957
22682.000  0.929153
22684.000  0.93098
22686.000  0.94252
22688.000  0.970368
22690.000  0.956268
22692.000  0.924634
22694.000  0.976576
22696.000  0.949854
22698.000  0.945676
22700.000  0.924531
22702.000  0.928938
22704.000  0.969257
22706.000  0.977201
22708.000  0.949108
22710.000  0.980117
22712.000  0.959164
22714.000  0.943904
22716.000  0.968659
22718.000  0.954242
22720.000  0.9691
22722.000  0.988997
22724.000  0.983143
22726.000  0.962994
22728.000  0.948671
22730.000  0.948683
22732.000  0.970735
22734.000  0.962703
22736.000  0.959456
22738.000  0.972056
22740.000  0.889092
22742.000  0.942906
22744.000  0.968814
22746.000  0.97448
22748.000  0.926802
22750.000  0.928406
22752.000  0.934836
22754.000  0.935734
22756.000  0.981344
22758.000  0.947614
22760.000  0.912874
22762.000  0.927349
22764.000  0.970963
22766.000  0.986063
22768.000  0.997302
22770.000  0.995589
22772.000  0.972022
22774.000  0.948153
22776.000  0.949279
22778.000  0.975245
22780.000  0.987796
22782.000  0.957791
22784.000  0.937829
22786.000  0.961761
22788.000  0.974854
22790.000  0.948153
22792.000  0.943208
22794.000  0.970716
22796.000  0.966864
22798.000  0.967196
22800.000  0.968515
22802.000  0.97304
22804.000  0.945715
22806.000  0.879926
22808.000  0.760511
22810.000  0.914813
22812.000  0.948339
22814.000  0.970136
22816.000  0.969337
22818.000  0.921091
22820.000  0.861525
22822.000  0.883733
22824.000  0.934598
22826.000  0.940188
22828.000  0.947346
22830.000  0.964991
22832.000  0.903213
22834.000  0.93654
22836.000  0.96939
22838.000  0.976055
22840.000  0.962163
22842.000  0.949492
22844.000  0.95774
22846.000  0.894145
22848.000  0.949865
22850.000  0.947134
22852.000  0.958524
22854.000  0.972918
22856.000  0.94517
22858.000  0.92274
22860.000  0.967788
22862.000  0.970624
22864.000  0.960498
22866.000  0.987101
22868.000  0.959484
22870.000  0.939906
22872.000  0.940251
22874.000  0.972204
22876.000  0.981871
22878.000  0.979657
22880.000  0.951519
22882.000  0.951938
22884.000  0.953039
22886.000  0.978093
22888.000  0.970976
22890.000  0.921057
22892.000  0.943866
22894.000  0.963374
22896.000  0.951688
22898.000  0.943673
22900.000  0.933982
22902.000  0.961912
22904.000  0.972123
22906.000  0.934212
22908.000  0.944675
22910.000  0.975468
22912.000  0.966888
22914.000  0.935366
22916.000  0.940042
22918.000  0.971619
22920.000  0.977699
22922.000  0.970341
22924.000  0.960812
22926.000  0.932386
22928.000  0.706243
22930.000  0.428713
22932.000  0.453312
22934.000  0.51712
22936.000  0.558262
22938.000  0.602783
22940.000  0.614588
22942.000  0.656017
22944.000  0.635276
22946.000  0.714725
22948.000  0.654577
22950.000  0.731287
22952.000  0.657371
22954.000  0.788211
22956.000  0.634119
22958.000  0.823307
22960.000  0.702051
22962.000  0.644059
22964.000  0.70533
22966.000  0.606301
22968.000  0.827174
22970.000  0.846039
22972.000  0.643446
22974.000  0.864199
22976.000  0.883363
22978.000  0.649938
22980.000  0.825305
22982.000  0.91203
22984.000  0.639315
22986.000  0.472859
22988.000  0.798575
22990.000  0.835886
22992.000  0.686296
22994.000  0.906766
22996.000  0.931265
22998.000  0.734436
23000.000  0.75501
23002.000  0.961483
23004.000  0.954315
23006.000  0.755182
23008.000  0.810499
23010.000  0.963873
23012.000  0.958861
23014.000  0.797893
23016.000  0.789729
23018.000  0.965066
23020.000  0.959111
23022.000  0.854469
23024.000  0.758519
23026.000  0.911865
23028.000  0.943008
23030.000  0.920765
23032.000  0.729343
23034.000  0.827732
23036.000  0.922925
23038.000  0.908288
23040.000  0.860666
23042.000  0.686646
23044.000  0.867637
23046.000  0.921193
23048.000  0.939779
23050.000  0.814159
23052.000  0.664819
23054.000  0.880415
23056.000  0.954272
23058.000  0.947417
23060.000  0.860904
23062.000  0.684331
23064.000  0.856795
23066.000  0.938492
23068.000  0.954272
23070.000  0.926681
23072.000  0.727273
23074.000  0.76896
23076.000  0.907667
23078.000  0.930139
23080.000  0.942653
23082.000  0.817041
23084.000  0.733667
23086.000  0.852571
23088.000  0.954488
23090.000  0.95031
23092.000  0.887629
23094.000  0.740339
23096.000  0.798075
23098.000  0.875975
23100.000  0.968788
23102.000  0.963504
23104.000  0.913653
23106.000  0.758095
23108.000  0.829056
23110.000  0.855675
23112.000  0.945837
23114.000  0.974054
23116.000  0.941503
23118.000  0.725572
23120.000  0.697482
23122.000  0.814345
23124.000  0.938142
23126.000  0.964761
23128.000  0.920708
23130.000  0.769922
23132.000  0.82177
23134.000  0.884389
23136.000  0.872934
23138.000  0.956877
23140.000  0.966375
23142.000  0.878732
23144.000  0.708733
23146.000  0.89243
23148.000  0.882214
23150.000  0.883898
23152.000  0.95955
23154.000  0.952352
23156.000  0.811636
23158.000  0.80506
23160.000  0.93341
23162.000  0.875342
23164.000  0.800281
23166.000  0.923921
23168.000  0.944631
23170.000  0.791533
23172.000  0.802027
23174.000  0.901367
23176.000  0.885863
23178.000  0.841321
23180.000  0.934546
23182.000  0.922497
23184.000  0.823601
23186.000  0.816438
23188.000  0.875203
23190.000  0.801655
23192.000  0.802581
23194.000  0.896062
23196.000  0.967461
23198.000  0.881897
23200.000  0.783455
23202.000  0.929597
23204.000  0.921797
23206.000  0.944828
23208.000  0.876067
23210.000  0.937862
23212.000  0.92853
23214.000  0.766013
23216.000  0.84562
23218.000  0.875103
23220.000  0.572865
23222.000  0.397372
23224.000  0.440938
23226.000  0.489324
23228.000  0.518303
23230.000  0.52972
23232.000  0.592984
23234.000  0.593157
23236.000  0.640622
23238.000  0.652094
23240.000  0.682817
23242.000  0.65546
23244.000  0.70058
23246.000  0.573341
23248.000  0.77753
23250.000  0.640509
23252.000  0.727452
23254.000  0.712222
23256.000  0.592693
23258.000  0.765404
23260.000  0.728242
23262.000  0.650072
23264.000  0.884138
23266.000  0.771841
23268.000  0.667672
23270.000  0.878804
23272.000  0.827456
23274.000  0.642027
23276.000  0.79248
23278.000  0.73257
23280.000  0.605855
23282.000  0.717762
23284.000  0.927231
23286.000  0.86563
23288.000  0.651689
23290.000  0.799934
23292.000  0.869583
23294.000  0.783697
23296.000  0.58581
23298.000  0.812379
23300.000  0.940055
23302.000  0.856365
23304.000  0.638033
23306.000  0.796899
23308.000  0.860182
23310.000  0.842058
23312.000  0.64662
23314.000  0.722639
23316.000  0.924619
23318.000  0.938848
23320.000  0.854595
23322.000  0.672308
23324.000  0.885145
23326.000  0.954954
23328.000  0.88382
23330.000  0.68008
23332.000  0.665117
23334.000  0.886064
23336.000  0.950967
23338.000  0.939542
23340.000  0.793582
23342.000  0.75879
23344.000  0.92928
23346.000  0.92692
23348.000  0.729952
23350.000  0.662546
23352.000  0.730889
23354.000  0.934093
23356.000  0.974949
23358.000  0.972358
23360.000  0.89207
23362.000  0.685394
23364.000  0.842691
23366.000  0.886761
23368.000  0.757927
23370.000  0.891154
23372.000  0.775658
23374.000  0.687411
23376.000  0.902559
23378.000  0.836238
23380.000  0.828405
23382.000  0.90772
23384.000  0.70161
23386.000  0.625701
23388.000  0.806498
23390.000  0.914843
23392.000  0.95365
23394.000  0.920728
23396.000  0.730345
23398.000  0.748075
23400.000  0.919346
23402.000  0.916693
23404.000  0.654238
23406.000  0.598835
23408.000  0.671507
23410.000  0.718405
23412.000  0.859273
23414.000  0.960283
23416.000  0.958032
23418.000  0.945321
23420.000  0.816058
23422.000  0.774723
23424.000  0.827854
23426.000  0.802032
23428.000  0.912152
23430.000  0.936311
23432.000  0.880777
23434.000  0.740294
23436.000  0.844261
23438.000  0.849123
23440.000  0.868212
23442.000  0.847355
23444.000  0.933309
23446.000  0.801347
23448.000  0.694777
23450.000  0.837102
23452.000  0.812579
23454.000  0.902799
23456.000  0.966139
23458.000  0.930678
23460.000  0.824538
23462.000  0.750077
23464.000  0.914949
23466.000  0.872564
23468.000  0.877514
23470.000  0.935179
23472.000  0.855572
23474.000  0.805733
23476.000  0.722107
23478.000  0.897277
23480.000  0.93364
23482.000  0.859746
23484.000  0.929436
23486.000  0.946937
23488.000  0.856535
23490.000  0.734304
23492.000  0.831086
23494.000  0.937658
23496.000  0.920024
23498.000  0.828222
23500.000  0.913377
23502.000  0.956829
23504.000  0.871195
23506.000  0.753583
23508.000  0.899175
23510.000  0.827034
23512.000  0.871064
23514.000  0.859654
23516.000  0.857632
23518.000  0.574371
23520.000  0.391122
23522.000  0.41501
23524.000  0.487775
23526.000  0.533382
23528.000  0.560992
23530.000  0.540377
23532.000  0.540148
23534.000  0.599457
23536.000  0.611259
23538.000  0.546858
23540.000  0.703933
23542.000  0.666477
23544.000  0.740512
23546.000  0.68436
23548.000  0.725004
23550.000  0.762595
23552.000  0.62437
23554.000  0.526547
23556.000  0.636578
23558.000  0.698517
23560.000  0.848292
23562.000  0.765028
23564.000  0.656017
23566.000  0.744246
23568.000  0.740119
23570.000  0.640821
23572.000  0.745357
23574.000  0.839749
23576.000  0.715407
23578.000  0.717138
23580.000  0.902481
23582.000  0.829975
23584.000  0.692338
23586.000  0.746128
23588.000  0.743155
23590.000  0.756766
23592.000  0.679155
23594.000  0.797859
23596.000  0.866549
23598.000  0.717007
23600.000  0.63878
23602.000  0.750766
23604.000  0.865257
23606.000  0.719517
23608.000  0.679186
23610.000  0.750951
23612.000  0.945556
23614.000  0.96406
23616.000  0.820039
23618.000  0.666154
23620.000  0.775305
23622.000  0.835466
23624.000  0.639352
23626.000  0.615705
23628.000  0.6963
23630.000  0.925499
23632.000  0.977047
23634.000  0.951794
23636.000  0.756544
23638.000  0.679034
23640.000  0.804339
23642.000  0.7719
23644.000  0.889258
23646.000  0.780604
23648.000  0.564856
23650.000  0.777467
23652.000  0.938754
23654.000  0.958614
23656.000  0.903824
23658.000  0.675924
23660.000  0.664057
23662.000  0.793824
23664.000  0.938304
23666.000  0.957827
23668.000  0.857136
23670.000  0.744205
23672.000  0.83719
23674.000  0.787535
23676.000  0.937445
23678.000  0.951545
23680.000  0.748371
23682.000  0.717081
23684.000  0.873413
23686.000  0.957914
23688.000  0.968293
23690.000  0.930446
23692.000  0.763984
23694.000  0.660319
23696.000  0.868937
23698.000  0.793385
23700.000  0.685529
23702.000  0.827106
23704.000  0.830397
23706.000  0.67696
23708.000  0.89019
23710.000  0.98514
23712.000  0.978341
23714.000  0.968657
23716.000  0.926146
23718.000  0.653365
23720.000  0.585762
23722.000  0.784137
23724.000  0.72266
23726.000  0.881203
23728.000  0.955369
23730.000  0.851527
23732.000  0.723762
23734.000  0.775762
23736.000  0.752026
23738.000  0.790536
23740.000  0.847671
23742.000  0.843777
23744.000  0.80542
23746.000  0.761704
23748.000  0.793838
23750.000  0.744745
23752.000  0.897242
23754.000  0.964937
23756.000  0.94823
23758.000  0.831115
23760.000  0.787198
23762.000  0.85942
23764.000  0.896571
23766.000  0.94256
23768.000  0.908751
23770.000  0.952079
23772.000  0.886169
23774.000  0.746829
23776.000  0.703312
23778.000  0.670745
23780.000  0.897916
23782.000  0.935862
23784.000  0.825219
23786.000  0.892493
23788.000  0.783253
23790.000  0.822274
23792.000  0.884274
23794.000  0.867195
23796.000  0.940808
23798.000  0.972351
23800.000  0.963361
23802.000  0.83391
23804.000  0.650603
23806.000  0.762549
23808.000  0.790538
23810.000  0.722275
23812.000  0.92903
23814.000  0.922134
23816.000  0.927187
23818.000  0.85519
23820.000  0.746805
23822.000  0.70248
23824.000  0.450065
23826.000  0.433192
23828.000  0.44189
23830.000  0.452309
23832.000  0.526867
23834.000  0.587106
23836.000  0.552538
23838.000  0.597559
23840.000  0.6507
23842.000  0.666142
23844.000  0.669795
23846.000  0.690352
23848.000  0.713162
23850.000  0.62318
23852.000  0.535622
23854.000  0.663066
23856.000  0.721751
23858.000  0.677968
23860.000  0.679733
23862.000  0.725259
23864.000  0.748113
23866.000  0.753632
23868.000  0.690856
23870.000  0.661354
23872.000  0.745156
23874.000  0.667066
23876.000  0.809883
23878.000  0.785348
23880.000  0.700762
23882.000  0.819239
23884.000  0.848492
23886.000  0.598048
23888.000  0.577251
23890.000  0.851148
23892.000  0.831187
23894.000  0.778037
23896.000  0.734356
23898.000  0.720519
23900.000  0.770541
23902.000  0.776781
23904.000  0.646255
23906.000  0.784984
23908.000  0.902226
23910.000  0.809417
23912.000  0.748038
23914.000  0.735124
23916.000  0.765938
23918.000  0.763725
23920.000  0.732448
23922.000  0.554939
23924.000  0.658913
23926.000  0.882695
23928.000  0.825204
23930.000  0.742515
23932.000  0.818826
23934.000  0.946895
23936.000  0.921749
23938.000  0.757974
23940.000  0.684373
23942.000  0.638208
23944.000  0.706328
23946.000  0.74591
23948.000  0.736887
23950.000  0.722675
23952.000  0.772224
23954.000  0.908272
23956.000  0.941168
23958.000  0.86503
23960.000  0.718269
23962.000  0.675834
23964.000  0.910195
23966.000  0.970328
23968.000  0.93743
23970.000  0.858047
23972.000  0.569096
23974.000  0.6029
23976.000  0.903739
23978.000  0.909409
23980.000  0.807051
23982.000  0.764875
23984.000  0.683404
23986.000  0.827548
23988.000  0.951607
23990.000  0.901662
23992.000  0.926821
23994.000  0.88802
23996.000  0.63777
23998.000  0.626095
